  1861.0   286.7   286.8     2.2    -0.1
  1862.0   286.8   286.9    -2.8     0.0
  1863.0   289.4   287.2    -7.2     0.6
  1864.0   291.0   287.0     1.9     0.5
  1865.0   287.9   286.7     6.7    -0.3
  1866.0   286.1   286.8    -0.4    -0.4
  1867.0   288.0   286.7    -1.3     0.1
  1868.0   287.9   286.7     0.6    -0.1
  1869.0   288.2   286.7    -1.4    -0.2
  1870.0   288.9   286.8    -1.7    -0.0
  1871.0   290.6   286.9    -4.0     0.4
  1872.0   291.7   287.0    -2.0     0.6
  1873.0   292.1   287.0    -0.9     0.5
  1874.0   292.7   286.9     0.2     0.5
  1875.0   291.7   286.9     0.4     0.1
  1876.0   292.7   287.1    -2.7     0.4
  1877.0   293.3   287.0    -0.4     0.5
  1878.0   292.1   286.8     3.5     0.1
  1879.0   291.6   286.9    -1.1    -0.1
  1880.0   292.2   286.8    -0.5     0.2
  1881.0   293.4   286.8    -4.2     0.3
  1882.0   295.0   287.0    -3.0     0.7
  1883.0   296.8   286.9    -4.1     0.9
  1884.0   296.3   286.4     3.1     0.7
  1885.0   295.1   286.3     1.8     0.3
  1886.0   293.8   286.5     1.7    -0.2
  1887.0   294.4   286.6    -1.7     0.2
  1888.0   296.2   286.9    -4.8     0.6
  1889.0   298.1   286.9    -4.4     0.8
  1890.0   299.8   286.9    -1.2     1.0
  1891.0   298.4   286.6     2.1     0.5
  1892.0   297.5   286.7     1.0     0.2
  1893.0   298.1   286.8    -2.9     0.3
  1894.0   300.6   287.2    -6.2     0.8
  1895.0   302.4   287.2    -2.3     1.0
  1896.0   300.3   286.7     8.2     0.4
  1897.0   297.9   286.8     0.3     0.1
  1898.0   298.7   286.9    -1.9     0.2
  1899.0   300.0   286.9    -2.3     0.5
  1900.0   301.2   287.0    -1.7     0.4
  1901.0   301.5   286.8    -0.2     0.5
  1902.0   300.5   286.7     3.5     0.1
  1903.0   300.8   286.7    -2.9     0.6
  1904.0   302.5   286.9    -3.7     0.8
  1905.0   303.2   286.9    -0.4     0.7
  1906.0   303.9   286.9    -2.6     0.8
  1907.0   304.6   287.0    -0.3     0.6
  1908.0   304.8   286.9     1.1     0.5
  1909.0   303.1   286.7     4.2     0.2
  1910.0   302.0   286.8     0.7     0.1
  1911.0   303.3   287.0    -4.8     0.6
  1912.0   305.7   287.1    -1.9     1.0
  1913.0   304.3   286.7     5.8     0.5
  1914.0   302.9   286.8     0.5     0.2
  1915.0   303.6   286.9    -0.6     0.4
  1916.0   304.4   286.9    -2.6     0.5
  1917.0   306.4   286.9    -3.2     0.7
  1918.0   307.4   286.9    -2.8     0.7
  1919.0   308.8   287.0    -1.0     0.8
  1920.0   309.1   286.9    -0.1     0.7
  1921.0   308.9   286.9    -1.9     0.7
  1922.0   311.1   287.2    -4.6     1.1
  1923.0   312.8   287.2    -1.5     1.2
  1924.0   311.5   287.0     3.3     0.7
  1925.0   311.4   287.1    -1.1     0.8
  1926.0   312.8   287.2    -3.9     1.0
  1927.0   314.2   287.2    -2.3     1.1
  1928.0   314.9   287.1    -1.2     1.0
  1929.0   315.1   286.9     2.2     0.8
  1930.0   313.1   286.8     3.8     0.5
  1931.0   313.5   287.0    -2.5     0.6
  1932.0   314.1   287.1    -1.2     0.8
  1933.0   316.3   287.3    -5.1     1.2
  1934.0   315.9   287.0     4.2     0.9
  1935.0   314.7   287.0     0.5     0.6
  1936.0   315.8   287.1    -3.3     0.7
  1937.0   318.0   287.2    -4.3     1.1
  1938.0   319.7   287.3    -1.8     1.2
  1939.0   318.5   287.0     5.0     0.6
  1940.0   316.8   287.0     0.4     0.6
  1941.0   319.6   287.1    -6.3     1.3
  1942.0   322.0   287.2    -5.2     1.3
  1943.0   324.5   287.1    -0.6     1.4
  1944.0   322.8   287.0     2.2     0.9
  1945.0   323.8   287.2    -3.6     1.1
  1946.0   325.2   287.2    -2.7     1.3
  1947.0   327.0   287.3    -3.0     1.5
  1948.0   328.0   287.2    -2.3     1.3
  1949.0   328.1   287.2     1.2     1.2
  1950.0   328.1   287.2    -0.9     1.3
  1951.0   330.0   287.5    -5.8     1.5
  1952.0   332.0   287.3    -2.9     1.7
  1953.0   332.2   287.3     1.0     1.2
  1954.0   333.2   287.4    -4.3     1.6
  1955.0   336.0   287.5    -4.8     1.8
  1956.0   337.2   287.3     0.7     1.6
  1957.0   336.7   287.2     0.1     1.4
  1958.0   338.0   287.4    -1.6     1.5
  1959.0   338.5   287.3     0.2     1.4
  1960.0   339.2   287.3    -0.8     1.3
  1961.0   339.6   287.2     0.3     1.4
  1962.0   341.0   287.4    -4.1     1.5
  1963.0   343.6   287.4    -3.3     2.1
  1964.0   344.7   287.2     0.2     2.1
  1965.0   344.7   287.2     1.0     1.8
  1966.0   344.2   287.1     3.5     1.3
  1967.0   342.2   287.1     7.0     1.0
  1968.0   342.9   287.3    -4.5     1.3
  1969.0   345.6   287.3    -0.5     1.5
  1970.0   345.9   287.2     2.6     1.4
  1971.0   345.8   287.2     3.0     1.3
  1972.0   346.2   287.3     1.2     1.2
  1973.0   347.2   287.4    -1.3     1.3
  1974.0   349.7   287.4    -0.5     1.6
  1975.0   351.0   287.2    -0.2     1.8
  1976.0   353.0   287.4    -2.8     1.9
  1977.0   356.3   287.6    -2.8     2.2
  1978.0   356.6   287.3     5.8     1.7
  1979.0   355.1   287.4     3.0     1.3
  1980.0   357.6   287.5    -2.9     1.7
  1981.0   360.0   287.5    -0.7     1.9
  1982.0   363.4   287.6    -1.6     2.3
  1983.0   362.1   287.0     8.9     1.6
  1984.0   360.4   287.1     3.0     1.4
  1985.0   362.6   287.5    -4.7     1.8
  1986.0   366.6   287.7    -0.9     2.3
  1987.0   365.9   287.2     6.7     1.8
  1988.0   367.1   287.4    -3.8     2.0
  1989.0   371.3   287.6    -3.7     2.4
  1990.0   372.5   287.5     3.8     2.0
  1991.0   373.3   287.5     0.8     2.1
  1992.0   375.5   287.4    -1.0     2.5
  1993.0   377.6   287.5    -2.4     2.6
  1994.0   380.0   287.6     1.7     2.6
  1995.0   379.4   287.4     5.1     2.0
  1996.0   380.1   287.5     0.8     2.0
  1997.0   383.2   287.6    -3.5     2.4
  1998.0   386.0   287.5     2.5     2.2
  1999.0   385.0   287.4     4.7     1.9
  2000.0   386.9   287.6    -3.5     2.3
  2001.0   390.8   287.9    -0.6     2.6
  2002.0   390.8   287.5     6.9     2.2
  2003.0   390.8   287.6     0.8     2.1
  2004.0   394.5   287.8    -5.3     2.6
  2005.0   398.7   288.0    -0.6     3.0
  2006.0   400.1   287.7     4.1     2.5
  2007.0   400.6   287.8     2.0     2.3
  2008.0   404.5   288.1    -3.1     2.9
  2009.0   407.3   287.9     2.6     2.9
  2010.0   407.6   287.8     6.7     2.5
  2011.0   409.5   287.9    -4.2     2.6
  2012.0   415.2   288.2    -3.9     3.3
  2013.0   419.5   288.1    -0.0     3.4
  2014.0   420.7   287.8     4.4     3.0
  2015.0   423.4   288.0    -0.7     3.0
  2016.0   428.2   288.1    -3.8     3.4
  2017.0   432.3   288.1     1.5     3.5
  2018.0   435.2   288.2     1.6     3.4
  2019.0   437.7   288.1     1.9     3.5
  2020.0   440.4   288.2    -1.4     3.5
  2021.0   446.5   288.5    -1.8     3.9
  2022.0   448.8   288.2     4.8     3.5
  2023.0   450.0   288.1     5.4     3.3
  2024.0   454.0   288.3    -2.6     3.5
  2025.0   458.7   288.3     0.3     3.7
  2026.0   463.0   288.4     1.7     3.8
  2027.0   466.0   288.3     1.8     3.8
  2028.0   470.8   288.5    -0.4     4.1
  2029.0   474.5   288.5     3.9     4.1
  2030.0   477.6   288.4     1.5     3.9
  2031.0   480.6   288.3     3.8     3.9
  2032.0   483.2   288.3     3.1     3.9
  2033.0   488.1   288.6    -2.4     4.1
  2034.0   494.7   288.7     0.6     4.4
  2035.0   498.5   288.6     2.1     4.2
  2036.0   502.7   288.6     0.5     4.2
  2037.0   508.9   288.6    -0.3     4.5
  2038.0   514.2   288.7     2.5     4.5
  2039.0   517.7   288.6     2.2     4.4
  2040.0   524.7   288.9    -3.5     4.9
  2041.0   528.4   288.6     8.0     4.4
  2042.0   532.1   288.6     0.6     4.5
  2043.0   539.1   288.7     1.2     4.9
  2044.0   543.5   288.7     2.9     4.8
  2045.0   549.1   288.8     3.3     4.8
  2046.0   553.9   288.7     4.0     4.7
  2047.0   558.6   288.7     2.6     4.7
  2048.0   565.0   288.8     1.1     5.0
  2049.0   571.2   288.9     2.3     5.1
  2050.0   577.3   288.9     1.8     5.1
  2051.0   584.1   289.2    -2.7     5.3
  2052.0   592.1   289.3     3.3     5.4
  2053.0   596.6   289.0     7.0     5.3
  2054.0   600.5   288.9     7.4     4.9
  2055.0   605.7   289.0     3.1     4.9
  2056.0   613.8   289.2     1.1     5.3
  2057.0   620.2   289.1     4.1     5.3
  2058.0   627.6   289.2     1.0     5.4
  2059.0   635.3   289.2    -1.4     5.5
  2060.0   644.5   289.4     2.5     5.6
  2061.0   650.8   289.3     1.9     5.5
  2062.0   659.8   289.4     3.8     5.6
  2063.0   666.3   289.5     1.1     5.5
  2064.0   675.5   289.5     2.0     5.8
  2065.0   682.6   289.5     2.2     5.7
  2066.0   691.1   289.5     1.5     5.8
  2067.0   698.9   289.6     1.6     5.7
  2068.0   707.2   289.6     4.8     5.8
  2069.0   713.4   289.5     9.4     5.6
  2070.0   719.7   289.6    -0.9     5.6
  2071.0   730.7   289.6     3.8     5.9
  2072.0   737.2   289.6     2.8     5.7
  2073.0   745.9   289.6     1.3     5.9
  2074.0   754.7   289.8     6.8     5.9
  2075.0   761.0   289.6     5.0     5.6
  2076.0   768.7   289.7     3.4     5.7
  2077.0   779.1   290.0    -4.1     5.9
  2078.0   790.2   289.8     5.0     6.2
  2079.0   795.7   289.7     6.5     5.5
  2080.0   805.9   289.9    -2.3     6.0
  2081.0   815.8   289.9     4.6     5.9
  2082.0   824.2   289.9     1.2     5.9
  2083.0   834.8   290.0    -1.3     6.1
  2084.0   843.6   289.9     5.2     5.9
  2085.0   853.6   290.1     1.7     6.2
  2086.0   861.9   290.2     3.5     6.0
  2087.0   870.1   290.1     2.3     5.9
  2088.0   880.2   290.2     1.9     5.9
  2089.0   889.6   290.3     2.7     6.0
  2090.0   899.8   290.4     0.4     6.2
  2091.0   908.4   290.4     3.7     5.9
  2092.0   917.8   290.4     6.3     6.0
  2093.0   925.1   290.4     3.1     5.8
  2094.0   935.3   290.3     0.3     6.0
  2095.0   946.8   290.4     1.2     6.0
  2096.0   955.2   290.5     4.1     5.9
  2097.0   965.1   290.5     1.4     6.0
  2098.0   976.2   290.6    -4.0     6.0
  2099.0   987.7   290.7     2.5     5.9
  2100.0   995.2   290.6     7.2     5.8
