  1850.0   282.5   286.1     1.9    -0.1
  1851.0   281.7   286.1     2.6    -0.5
  1852.0   281.3   286.2     0.1     0.4
  1853.0   281.6   286.3     0.3     0.3
  1854.0   281.0   286.2     2.8    -0.8
  1855.0   281.0   286.2    -0.4     0.1
  1856.0   281.6   286.3    -2.5     0.3
  1857.0   283.1   286.3    -1.7     0.3
  1858.0   283.2   286.2     1.5    -0.3
  1859.0   282.9   286.1     0.7    -0.0
  1860.0   283.3   286.3    -1.2    -0.3
  1861.0   283.6   286.3     1.6     0.2
  1862.0   283.8   286.2     0.1     0.1
  1863.0   283.1   286.1     1.4     0.2
  1864.0   282.8   286.3     0.9     0.8
  1865.0   282.5   286.3     0.1     0.1
  1866.0   282.7   286.2     1.1     0.1
  1867.0   282.1   286.1     1.4    -0.2
  1868.0   282.2   286.2    -0.1     0.1
  1869.0   282.4   286.2    -1.0     0.8
  1870.0   282.9   286.3    -0.6     0.5
  1871.0   283.1   286.1     1.1    -0.6
  1872.0   282.6   286.0     2.5     0.0
  1873.0   281.9   286.1     1.1    -0.0
  1874.0   281.7   286.3     1.2     0.1
  1875.0   281.5   286.1     1.7    -0.0
  1876.0   281.0   286.2    -0.1     0.4
  1877.0   281.5   286.1     0.3     0.1
  1878.0   281.3   286.1     1.4     0.0
  1879.0   281.3   286.1    -0.4     0.5
  1880.0   281.6   286.1    -0.1     0.4
  1881.0   282.3   286.2    -1.6     0.0
  1882.0   283.0   286.2     0.8    -0.1
  1883.0   282.8   286.2     0.2    -0.0
  1884.0   284.0   286.2    -2.3     0.8
  1885.0   284.3   286.1     0.5     0.5
  1886.0   283.9   286.1     1.3     0.1
  1887.0   284.3   286.0    -0.8     0.3
  1888.0   284.9   286.1    -0.3     0.4
  1889.0   284.5   286.0     2.3    -0.1
  1890.0   284.2   286.0     0.9     0.3
  1891.0   284.8   286.2    -1.6     0.7
  1892.0   284.9   286.1     0.8     0.3
  1893.0   285.3   286.2    -0.6     0.7
  1894.0   285.5   286.1     0.4     0.5
  1895.0   285.2   286.2     1.3     0.7
  1896.0   284.9   286.1     2.3     0.1
  1897.0   284.3   286.1     1.2     0.3
  1898.0   284.9   286.1    -2.9     1.1
  1899.0   285.9   286.2    -0.5     0.6
  1900.0   286.1   286.0     0.6     0.3
  1901.0   286.0   286.2     0.4     0.7
  1902.0   285.6   286.0     2.2     0.4
  1903.0   285.5   285.9     1.7    -0.0
  1904.0   285.4   286.0     0.5     0.1
  1905.0   285.8   286.1    -0.7     0.5
  1906.0   286.6   286.1     0.3     0.3
  1907.0   286.9   286.2    -0.2     0.9
  1908.0   287.2   286.3    -0.2     0.8
  1909.0   287.6   286.2    -0.9     0.8
  1910.0   288.4   286.3     0.3     0.4
  1911.0   288.4   286.1     1.9     0.5
  1912.0   288.4   286.2    -0.7     0.7
  1913.0   289.3   286.3    -0.4     0.7
  1914.0   289.5   286.2     1.7     0.4
  1915.0   289.5   286.2    -0.0     0.7
  1916.0   290.0   286.2    -1.1     1.0
  1917.0   290.9   286.2    -0.9     1.3
  1918.0   291.4   286.3    -0.5     1.2
  1919.0   291.6   286.3    -0.6     1.3
  1920.0   292.0   286.3     0.4     0.9
  1921.0   291.7   286.2     1.7     0.3
  1922.0   291.6   286.2     1.3     0.6
  1923.0   292.1   286.3    -0.0     0.8
  1924.0   292.2   286.3    -0.0     0.8
  1925.0   293.3   286.3    -0.8     0.5
  1926.0   294.0   286.3     0.6     0.4
  1927.0   294.1   286.3     0.1     1.0
  1928.0   294.4   286.3     0.0     1.4
  1929.0   295.0   286.3    -0.7     1.1
  1930.0   295.2   286.3     0.5     1.3
  1931.0   295.7   286.3     0.2     0.3
  1932.0   295.4   286.1     2.6     0.7
  1933.0   295.7   286.2    -1.5     1.2
  1934.0   296.9   286.3    -1.5     1.2
  1935.0   296.8   286.3     3.1     0.7
  1936.0   296.4   286.3     0.9     0.9
  1937.0   296.9   286.4    -0.4     0.8
  1938.0   297.2   286.2     0.9     0.7
  1939.0   297.8   286.3     0.1     1.1
  1940.0   298.5   286.4    -1.6     0.9
  1941.0   299.5   286.3    -0.4     1.2
  1942.0   300.0   286.3     0.4     1.1
  1943.0   300.0   286.4     1.0     1.1
  1944.0   300.0   286.4     0.3     1.3
  1945.0   300.8   286.6    -1.4     1.7
  1946.0   301.6   286.5    -0.6     1.5
  1947.0   301.9   286.4     1.3     0.9
  1948.0   301.8   286.3     1.7     0.9
  1949.0   302.3   286.3    -0.1     0.9
  1950.0   302.7   286.3     1.0     1.1
  1951.0   303.1   286.4    -0.1     1.4
  1952.0   303.7   286.4     0.4     1.1
  1953.0   304.0   286.4     1.4     1.3
  1954.0   304.7   286.5    -1.6     1.6
  1955.0   305.8   286.5     1.3     1.1
  1956.0   306.0   286.4     1.5     1.3
  1957.0   306.2   286.5     0.6     1.7
  1958.0   306.9   286.5     0.6     1.4
  1959.0   307.6   286.4     1.0     1.0
  1960.0   308.1   286.4     0.7     1.3
  1961.0   309.6   286.5    -0.8     1.6
  1962.0   310.6   286.5    -0.4     2.0
  1963.0   311.5   286.4     1.2     1.7
  1964.0   312.3   286.4     0.1     1.5
  1965.0   313.5   286.5     0.1     1.8
  1966.0   315.1   286.6    -0.5     1.9
  1967.0   316.5   286.5    -0.2     2.1
  1968.0   317.3   286.4     2.8     1.6
  1969.0   317.5   286.4     2.9     1.7
  1970.0   318.4   286.4     0.8     1.9
  1971.0   319.9   286.5     1.4     2.5
  1972.0   320.8   286.5     0.3     2.1
  1973.0   322.0   286.5     0.4     2.2
  1974.0   324.0   286.5    -1.8     2.4
  1975.0   326.2   286.6    -0.6     2.2
  1976.0   327.8   286.5     0.0     2.9
  1977.0   328.8   286.6     1.7     2.4
  1978.0   330.3   286.6    -0.6     2.6
  1979.0   332.2   286.6     0.6     2.6
  1980.0   333.5   286.6    -0.1     2.6
  1981.0   335.0   286.6     1.4     2.9
  1982.0   335.9   286.5     2.0     2.6
  1983.0   337.1   286.7     0.3     2.7
  1984.0   339.0   286.6     0.1     2.7
  1985.0   340.8   286.7    -0.1     2.7
  1986.0   342.5   286.7     0.7     2.8
  1987.0   344.5   286.7    -0.2     3.0
  1988.0   346.4   286.9     0.1     3.4
  1989.0   348.5   286.9    -0.6     3.1
  1990.0   349.9   286.7     2.8     3.1
  1991.0   350.6   286.7     1.3     3.1
  1992.0   352.6   286.7    -0.2     3.4
  1993.0   354.3   286.7     0.8     3.2
  1994.0   356.1   286.8     0.4     3.2
  1995.0   358.1   286.8    -0.2     3.1
  1996.0   360.2   286.9     0.8     3.1
  1997.0   361.8   286.9     0.4     3.6
  1998.0   363.5   286.9     0.3     4.0
  1999.0   365.3   286.9     1.5     3.3
  2000.0   366.4   286.9     0.2     3.7
  2001.0   368.9   286.9    -0.4     3.3
  2002.0   371.5   287.0    -0.8     3.8
  2003.0   373.4   287.1     0.9     3.8
  2004.0   375.5   286.9    -0.7     4.0
  2005.0   378.4   287.0    -0.5     3.8
  2006.0   380.9   286.9     0.5     4.2
  2007.0   383.0   287.1    -0.4     4.5
  2008.0   385.7   287.0     0.2     4.2
  2009.0   388.2   287.0    -0.5     4.3
  2010.0   390.9   287.0     0.7     4.0
  2011.0   393.8   287.0    -2.1     4.8
  2012.0   397.2   287.1    -1.7     4.7
  2013.0   401.0   287.1    -2.2     5.0
  2014.0   404.6   287.1    -1.9     5.1
  2015.0   408.3   287.2    -3.0     5.5
  2016.0   412.8   287.1    -4.1     5.1
  2017.0   417.7   287.1    -3.9     5.7
  2018.0   422.3   287.1    -3.5     5.7
  2019.0   427.1   287.1    -4.4     5.8
  2020.0   432.0   287.1    -2.4     5.5
  2021.0   435.4   287.1     1.2     5.5
  2022.0   438.6   287.3    -1.6     5.9
  2023.0   442.9   287.4    -2.8     6.3
  2024.0   447.1   287.4    -0.6     5.9
  2025.0   450.5   287.3     0.8     6.0
  2026.0   454.3   287.4    -1.7     6.1
  2027.0   458.7   287.4    -1.0     5.9
  2028.0   462.1   287.5     1.6     5.9
  2029.0   465.2   287.4     1.2     5.6
  2030.0   469.4   287.5    -1.9     6.4
  2031.0   473.6   287.6     1.9     5.8
  2032.0   476.6   287.4     3.4     5.7
  2033.0   480.2   287.6     0.4     6.3
  2034.0   484.1   287.6     2.7     5.8
  2035.0   487.0   287.6     2.4     6.5
  2036.0   490.8   287.6     1.6     6.2
  2037.0   494.5   287.6     2.6     6.2
  2038.0   498.1   287.6     3.1     6.1
  2039.0   501.4   287.5     4.8     6.0
  2040.0   504.5   287.6     3.6     6.0
  2041.0   508.3   287.7     3.2     6.1
  2042.0   512.4   287.7     3.0     6.3
  2043.0   516.9   287.7     2.7     6.2
  2044.0   520.9   287.7     3.0     6.3
  2045.0   525.7   287.7     2.5     6.5
  2046.0   530.2   287.7     3.4     6.5
  2047.0   534.7   287.9     2.9     6.8
  2048.0   539.3   287.9     3.5     6.7
  2049.0   544.1   287.9     4.5     6.8
  2050.0   548.5   287.9     3.3     6.7
  2051.0   553.8   287.9     2.1     7.0
  2052.0   558.9   287.9     4.4     7.1
  2053.0   563.7   288.1     3.8     7.4
  2054.0   568.8   288.1     3.0     7.3
  2055.0   574.4   288.0     3.6     7.3
  2056.0   579.4   288.2     5.0     7.2
  2057.0   585.2   288.2     2.1     7.4
  2058.0   590.9   288.2     6.1     7.0
  2059.0   595.8   288.2     3.9     7.2
  2060.0   602.5   288.3     2.1     7.4
  2061.0   609.3   288.3     2.7     7.2
  2062.0   616.2   288.4     1.3     7.4
  2063.0   623.6   288.3     2.7     7.4
  2064.0   630.4   288.5     2.0     8.1
  2065.0   637.2   288.6     2.5     8.0
  2066.0   643.7   288.6     3.8     8.2
  2067.0   650.1   288.6     3.7     8.0
  2068.0   656.8   288.6     3.1     8.0
  2069.0   663.5   288.7     3.7     8.1
  2070.0   670.4   288.8     4.4     8.0
  2071.0   677.5   288.7     2.6     8.2
  2072.0   685.3   288.8     0.7     8.2
  2073.0   693.0   288.9     2.0     8.4
  2074.0   701.4   288.9     0.9     8.2
  2075.0   708.5   288.8     4.1     8.2
  2076.0   716.1   288.9     3.1     8.3
  2077.0   723.6   288.9     1.8     8.0
  2078.0   731.2   288.9     2.5     8.5
  2079.0   739.5   289.0     1.6     8.7
  2080.0   747.6   289.0     1.5     8.7
  2081.0   755.7   289.0     1.5     8.7
  2082.0   763.9   289.1     2.6     8.7
  2083.0   771.3   289.2     2.7     8.4
  2084.0   779.9   289.1     0.4     8.8
  2085.0   788.9   289.1     0.2     9.2
  2086.0   796.7   289.2     2.8     9.0
  2087.0   805.1   289.3     1.2     9.1
  2088.0   813.2   289.2     2.5     8.8
  2089.0   821.0   289.2     3.2     8.7
  2090.0   829.1   289.3     2.6     8.9
  2091.0   837.4   289.4     0.6     8.7
  2092.0   845.8   289.4     3.1     8.9
  2093.0   853.9   289.5     1.0     9.1
  2094.0   862.5   289.5     1.6     9.0
  2095.0   870.7   289.5     2.3     9.0
  2096.0   879.1   289.6     1.1     9.0
  2097.0   887.6   289.5     1.7     9.0
  2098.0   896.3   289.6     0.6     9.2
  2099.0   905.3   289.5     0.4     9.1
  2100.0   914.0   289.6     2.0     9.2
