  1850.0   284.0   285.1     1.3    -0.2
  1851.0   283.4   285.3     0.4    -0.2
  1852.0   284.0   285.4    -0.8     0.0
  1853.0   284.1   285.3    -0.2     0.3
  1854.0   283.9   285.3    -0.8     0.2
  1855.0   284.5   285.4    -1.6     0.3
  1856.0   285.4   285.3    -1.9     0.3
  1857.0   285.7   285.1    -0.7     0.5
  1858.0   285.3   285.1     1.7     0.6
  1859.0   284.2   285.1     1.4     0.4
  1860.0   283.8   285.3    -0.5     0.3
  1861.0   283.8   285.3    -0.0     0.3
  1862.0   283.8   285.2    -0.7     0.5
  1863.0   283.8   285.3     0.9     0.3
  1864.0   283.7   285.2    -1.3     0.1
  1865.0   283.7   285.2     1.2     0.2
  1866.0   283.6   285.1    -0.5     0.1
  1867.0   283.6   285.2    -0.2     0.1
  1868.0   283.5   285.2     1.0     0.0
  1869.0   283.5   285.1    -1.1    -0.1
  1870.0   284.0   285.2    -1.5     0.1
  1871.0   284.9   285.2    -1.3    -0.1
  1872.0   285.1   285.1     1.2     0.2
  1873.0   284.6   285.3     0.1    -0.1
  1874.0   285.1   285.3    -2.6     0.2
  1875.0   286.1   285.5    -1.1     0.7
  1876.0   286.6   285.6    -2.9     0.5
  1877.0   287.4   285.4    -1.1     0.5
  1878.0   287.4   285.4     0.1     0.6
  1879.0   287.4   285.4    -0.6     0.4
  1880.0   287.4   285.3    -0.5     0.2
  1881.0   288.2   285.4    -1.8     0.5
  1882.0   288.7   285.4    -1.3     0.4
  1883.0   288.8   285.2     0.6     0.5
  1884.0   288.1   284.9     1.2     0.5
  1885.0   287.3   284.8     1.2     0.6
  1886.0   286.9   285.0     0.2     0.4
  1887.0   286.7   284.8     1.2     0.4
  1888.0   286.4   285.0    -0.7     0.3
  1889.0   287.2   285.2    -2.3     0.3
  1890.0   288.0   285.2    -0.7     0.6
  1891.0   287.7   285.1     0.8     0.2
  1892.0   288.1   285.1    -2.3     0.3
  1893.0   288.4   285.2     0.1     0.4
  1894.0   288.5   285.2     0.3     0.4
  1895.0   288.6   285.2    -0.6     0.1
  1896.0   288.8   285.1    -0.0     0.0
  1897.0   289.6   285.1    -2.1     0.2
  1898.0   290.1   285.3    -0.5     0.2
  1899.0   290.9   285.4    -1.8     0.3
  1900.0   291.4   285.3    -0.9     0.6
  1901.0   291.5   285.3    -0.6     0.6
  1902.0   291.8   285.2     0.5     0.5
  1903.0   291.6   285.1     0.6     0.6
  1904.0   291.5   285.2    -0.5     0.3
  1905.0   291.9   285.1     0.2     0.2
  1906.0   292.1   285.1    -0.6     0.1
  1907.0   292.3   285.2     0.1    -0.0
  1908.0   292.7   285.2     0.2     0.3
  1909.0   293.1   285.4    -1.0     0.3
  1910.0   293.8   285.7    -2.3     0.4
  1911.0   295.4   285.8    -2.6     0.5
  1912.0   295.6   285.5     1.9     0.4
  1913.0   295.5   285.4    -0.9     0.2
  1914.0   296.0   285.4    -0.2     0.1
  1915.0   296.4   285.4     0.0     0.1
  1916.0   296.9   285.5     0.2     0.0
  1917.0   297.3   285.5    -0.5     0.1
  1918.0   297.7   285.3     0.5    -0.1
  1919.0   298.0   285.5    -0.0     0.1
  1920.0   298.7   285.6    -1.8     0.1
  1921.0   299.5   285.7    -0.7     0.6
  1922.0   299.9   285.8    -0.2     0.6
  1923.0   300.2   285.8    -1.0     0.3
  1924.0   300.8   285.6     0.7     0.6
  1925.0   300.5   285.6     0.5     0.3
  1926.0   300.9   285.5    -0.5     0.6
  1927.0   301.6   285.8    -2.5     0.7
  1928.0   302.9   285.7    -2.4     0.8
  1929.0   303.5   285.7     0.3     0.7
  1930.0   303.5   285.8     0.2     0.7
  1931.0   303.9   285.7     0.1     0.8
  1932.0   303.8   285.9    -0.7     1.0
  1933.0   304.5   285.9    -2.2     0.8
  1934.0   305.4   285.7    -0.6     0.9
  1935.0   305.0   285.6     0.2     0.8
  1936.0   305.0   285.6     1.9     0.7
  1937.0   305.1   285.6    -1.6     0.9
  1938.0   305.1   285.6     1.4     0.6
  1939.0   305.3   285.7    -0.9     0.7
  1940.0   305.7   285.8     0.1     0.5
  1941.0   306.2   285.7     0.6     0.7
  1942.0   305.6   285.6     2.2     0.7
  1943.0   305.3   285.7     0.0     0.7
  1944.0   305.9   285.8    -1.1     0.6
  1945.0   306.9   285.7    -1.1     0.8
  1946.0   307.3   285.5    -0.1     0.8
  1947.0   307.3   285.6    -0.2     0.6
  1948.0   308.7   285.7    -2.3     0.6
  1949.0   309.2   285.7     0.2     0.8
  1950.0   309.2   285.6     1.4     0.6
  1951.0   309.8   285.6    -2.3     0.6
  1952.0   310.8   285.6     0.9     0.8
  1953.0   311.2   285.6    -0.5     1.0
  1954.0   312.1   285.7    -2.2     0.9
  1955.0   313.2   285.6     0.3     0.9
  1956.0   313.3   285.7    -0.0     1.0
  1957.0   314.2   285.7    -1.6     0.9
  1958.0   315.2   285.7    -0.1     1.0
  1959.0   316.4   285.8    -3.0     1.2
  1960.0   317.6   285.9     0.2     1.1
  1961.0   318.2   285.8    -0.3     1.1
  1962.0   319.1   285.8     0.4     1.3
  1963.0   319.0   285.7     0.6     1.2
  1964.0   320.0   285.6    -0.2     1.1
  1965.0   320.6   285.7     1.5     1.1
  1966.0   320.4   285.6     3.0     1.1
  1967.0   320.6   285.7    -0.4     0.9
  1968.0   321.6   285.6     1.7     1.2
  1969.0   322.2   285.7    -0.0     1.0
  1970.0   323.6   285.6     0.4     1.0
  1971.0   324.3   285.7     0.3     1.1
  1972.0   325.5   285.8     2.2     1.2
  1973.0   326.7   285.8    -0.2     1.4
  1974.0   328.1   285.9    -1.1     1.5
  1975.0   329.6   285.9     0.8     1.7
  1976.0   330.6   285.7     1.2     1.6
  1977.0   331.0   285.7     3.2     1.4
  1978.0   331.7   285.7     1.2     1.3
  1979.0   332.8   285.8     1.4     1.2
  1980.0   334.7   286.0    -1.0     1.5
  1981.0   336.4   286.0     0.6     1.7
  1982.0   337.1   285.8     2.4     1.8
  1983.0   337.7   285.7     1.7     1.8
  1984.0   338.8   285.9     0.1     1.9
  1985.0   340.1   285.9     1.0     1.9
  1986.0   340.9   285.8     2.6     1.7
  1987.0   341.9   286.0     1.6     1.8
  1988.0   343.6   286.0    -0.2     2.0
  1989.0   345.4   286.1    -0.6     2.1
  1990.0   347.6   286.2    -0.7     2.0
  1991.0   349.4   286.1     1.1     2.2
  1992.0   350.0   285.8     3.0     2.1
  1993.0   351.5   285.8    -0.8     2.1
  1994.0   352.7   285.8     2.9     1.7
  1995.0   353.6   286.0     2.8     1.8
  1996.0   355.0   286.1    -0.1     1.8
  1997.0   357.0   286.2     0.4     2.0
  1998.0   358.8   286.2     2.2     2.1
  1999.0   359.3   286.2     2.8     1.8
  2000.0   360.4   286.2     1.1     1.9
  2001.0   362.3   286.3     0.9     1.8
  2002.0   363.3   286.3     4.0     1.8
  2003.0   364.4   286.4     1.5     1.9
  2004.0   365.7   286.5     2.8     1.8
  2005.0   367.7   286.6     2.7     1.9
  2006.0   369.6   286.7    -1.3     2.0
  2007.0   372.7   286.7     1.0     2.2
  2008.0   375.0   286.5     2.5     2.3
  2009.0   376.7   286.6     1.7     2.5
  2010.0   378.7   286.6     3.4     2.3
  2011.0   380.9   286.6     0.6     2.4
  2012.0   383.1   286.7     2.9     2.6
  2013.0   385.5   286.8     3.1     2.8
  2014.0   387.5   286.8    -0.4     2.7
  2015.0   391.1   286.7     2.4     2.8
  2016.0   393.1   286.8     2.1     2.7
  2017.0   396.1   286.9     2.4     2.8
  2018.0   398.6   287.0     2.6     3.0
  2019.0   401.3   286.9     3.3     3.0
  2020.0   404.0   286.9     1.9     2.9
  2021.0   407.1   286.9     0.8     3.1
  2022.0   410.5   287.1     2.6     3.0
  2023.0   413.2   287.1     3.7     3.2
  2024.0   417.1   287.2    -0.7     3.3
  2025.0   420.3   287.0     5.0     3.5
  2026.0   423.0   287.2     1.7     3.4
  2027.0   426.7   287.2     2.6     3.2
  2028.0   430.2   287.2     2.8     3.5
  2029.0   433.2   287.4     2.7     3.4
  2030.0   436.8   287.3     2.8     3.5
  2031.0   440.5   287.3     2.7     3.5
  2032.0   444.2   287.3     3.2     3.6
  2033.0   447.5   287.5     3.9     3.6
  2034.0   450.8   287.7     5.3     3.5
  2035.0   454.3   287.5     3.6     3.7
  2036.0   458.4   287.6     2.4     3.6
  2037.0   462.4   287.7     4.2     3.8
  2038.0   466.8   287.8     2.4     4.0
  2039.0   471.2   287.8     4.4     4.1
  2040.0   475.0   287.7     3.3     4.1
  2041.0   479.5   287.7     3.7     3.9
  2042.0   483.9   287.9     1.4     4.0
  2043.0   490.1   288.0     2.2     4.5
  2044.0   494.5   287.9     5.9     4.5
  2045.0   498.5   288.2     4.3     4.3
  2046.0   503.5   288.2     2.6     4.7
  2047.0   508.9   288.2     3.8     4.4
  2048.0   514.6   288.4     3.4     4.7
  2049.0   519.7   288.4     3.2     4.6
  2050.0   525.2   288.5     4.6     4.6
  2051.0   530.5   288.4     4.4     4.9
  2052.0   536.3   288.4     3.1     4.9
  2053.0   542.2   288.6     4.1     4.8
  2054.0   548.1   288.5     4.4     5.1
  2055.0   553.9   288.5     3.7     5.1
  2056.0   559.6   288.6     4.8     5.0
  2057.0   566.1   288.6     4.8     5.2
  2058.0   571.1   288.5     9.0     5.0
  2059.0   578.2   288.6     5.1     5.4
  2060.0   584.8   288.7     3.4     5.2
  2061.0   591.7   288.8     2.9     5.1
  2062.0   599.6   288.8     4.2     5.4
  2063.0   605.9   288.9     6.5     5.3
  2064.0   611.8   289.1     4.0     5.4
  2065.0   619.2   289.2     3.7     5.4
  2066.0   627.1   289.3     2.0     5.5
  2067.0   635.1   289.3     2.8     5.4
  2068.0   642.8   289.2     6.6     5.6
  2069.0   649.6   289.2     2.3     5.6
  2070.0   658.4   289.4     1.4     5.7
  2071.0   667.0   289.3     4.2     5.8
  2072.0   674.5   289.4     4.8     5.7
  2073.0   682.0   289.7     2.6     5.6
  2074.0   690.5   289.6     4.5     5.5
  2075.0   697.8   289.7     5.9     5.8
  2076.0   705.3   289.8     3.3     5.4
  2077.0   714.4   289.9     3.9     5.9
  2078.0   722.8   290.0     2.5     5.7
  2079.0   731.8   290.1     4.4     5.7
  2080.0   739.6   290.1     3.5     5.7
  2081.0   748.7   290.1     4.4     5.9
  2082.0   756.4   290.1     2.4     5.5
  2083.0   765.9   290.3     2.0     5.8
  2084.0   775.5   290.3     4.7     6.0
  2085.0   784.0   290.4     0.4     5.9
  2086.0   794.4   290.3     0.2     6.0
  2087.0   803.9   290.4     2.7     5.8
  2088.0   813.5   290.4     3.7     6.0
  2089.0   822.0   290.4     4.1     5.9
  2090.0   830.3   290.7     3.6     5.8
  2091.0   839.4   290.7     3.4     5.9
  2092.0   848.8   290.5     2.1     6.0
  2093.0   858.4   290.7     2.2     6.0
  2094.0   867.7   290.8     2.8     5.8
  2095.0   877.4   291.0     2.4     6.0
  2096.0   886.4   290.8     4.8     5.9
  2097.0   895.3   291.0    -0.6     5.9
  2098.0   906.1   290.9     2.2     6.2
  2099.0   915.8   291.1     2.2     6.0
  2100.0   925.8   291.2    -0.0     6.1
