  1850.0   284.0   286.6    -1.7     0.0
  1851.0   284.3   286.4     0.8     0.1
  1852.0   283.7   286.5     0.8    -0.2
  1853.0   284.1   286.5    -1.5    -0.1
  1854.0   284.8   286.6    -1.0    -0.0
  1855.0   285.3   286.5    -0.5     0.1
  1856.0   285.5   286.6    -0.8     0.1
  1857.0   285.8   286.6    -1.0     0.1
  1858.0   285.9   286.5     0.9     0.1
  1859.0   285.8   286.5    -0.5     0.1
  1860.0   286.1   286.5    -0.8     0.1
  1861.0   286.1   286.7     0.4     0.0
  1862.0   286.2   286.7    -1.2     0.3
  1863.0   286.2   286.9    -0.1     0.5
  1864.0   286.3   286.6     0.1     0.2
  1865.0   286.2   286.5    -0.2     0.1
  1866.0   286.7   286.7    -1.7     0.2
  1867.0   287.0   286.7     0.5     0.2
  1868.0   286.9   286.4    -0.0     0.0
  1869.0   286.7   286.5     0.1     0.1
  1870.0   287.3   286.6    -1.8     0.1
  1871.0   288.1   286.6    -1.3     0.2
  1872.0   288.3   286.5     0.4     0.3
  1873.0   287.9   286.6     0.5     0.0
  1874.0   288.4   286.5    -1.9     0.2
  1875.0   288.5   286.5     0.6     0.1
  1876.0   288.5   286.5     0.1     0.1
  1877.0   288.7   286.6    -0.3    -0.1
  1878.0   288.9   286.5     0.2     0.2
  1879.0   288.9   286.4    -1.0     0.1
  1880.0   289.3   286.5    -0.6     0.1
  1881.0   290.0   286.7    -1.7     0.2
  1882.0   290.5   286.7    -0.2     0.3
  1883.0   290.1   286.4     1.5     0.1
  1884.0   289.8   285.9    -0.8     0.6
  1885.0   290.2   286.1    -1.0     0.5
  1886.0   290.2   286.1     0.6    -0.0
  1887.0   290.4   286.3    -0.5    -0.2
  1888.0   291.2   286.5    -1.8     0.3
  1889.0   292.0   286.5    -0.9     0.3
  1890.0   291.7   286.2     2.2     0.2
  1891.0   291.3   286.2    -1.2     0.2
  1892.0   292.3   286.5    -1.5     0.2
  1893.0   292.4   286.4     1.4     0.2
  1894.0   292.1   286.5    -0.3    -0.0
  1895.0   292.7   286.6    -1.6     0.3
  1896.0   293.5   286.9    -1.9     0.5
  1897.0   294.0   286.7     0.3     0.4
  1898.0   293.5   286.6     1.1     0.3
  1899.0   293.5   286.6    -0.5     0.3
  1900.0   293.9   286.7    -1.3     0.5
  1901.0   294.4   286.8    -0.4     0.3
  1902.0   294.2   286.5     2.2     0.2
  1903.0   293.5   286.3    -0.2     0.5
  1904.0   294.4   286.3    -2.0     0.6
  1905.0   294.7   286.3     0.5     0.3
  1906.0   294.5   286.4     0.9     0.1
  1907.0   295.1   286.4    -1.9     0.2
  1908.0   296.1   286.6    -0.9     0.3
  1909.0   296.3   286.6     0.4     0.6
  1910.0   296.4   286.5     0.2     0.2
  1911.0   296.8   286.5    -0.6     0.4
  1912.0   296.9   286.4     1.0     0.3
  1913.0   296.9   286.4    -0.5     0.2
  1914.0   297.9   286.5    -1.7     0.5
  1915.0   298.6   286.6    -0.3     0.6
  1916.0   298.6   286.5     1.1     0.3
  1917.0   298.2   286.6     0.3     0.2
  1918.0   299.1   286.7    -1.9     0.4
  1919.0   299.9   286.9    -0.4     0.4
  1920.0   300.3   286.7     0.7     0.4
  1921.0   300.1   286.7    -0.3     0.5
  1922.0   301.0   286.7    -1.6     0.5
  1923.0   301.3   286.7     0.6     0.5
  1924.0   301.4   286.6    -0.6     0.4
  1925.0   302.1   286.6     0.1     0.6
  1926.0   302.0   286.7    -0.5     0.5
  1927.0   302.5   286.7    -0.2     0.5
  1928.0   302.8   286.7    -0.3     0.5
  1929.0   303.3   286.8    -0.9     0.7
  1930.0   304.1   286.6    -0.9     0.8
  1931.0   304.1   286.5     1.3     0.4
  1932.0   304.2   286.6    -0.4     0.4
  1933.0   304.6   286.6    -1.1     0.5
  1934.0   305.2   286.7    -0.6     0.6
  1935.0   305.9   286.7    -1.2     0.7
  1936.0   306.3   286.7    -0.3     0.6
  1937.0   307.2   286.8    -1.7     0.7
  1938.0   307.8   286.7     0.7     0.7
  1939.0   307.6   286.6    -0.0     0.5
  1940.0   308.2   286.8    -0.9     0.6
  1941.0   309.1   286.7    -0.5     0.6
  1942.0   309.8   286.7    -1.8     0.5
  1943.0   310.5   286.7     0.7     0.6
  1944.0   310.9   286.7    -1.3     0.7
  1945.0   311.9   286.8    -0.9     0.8
  1946.0   312.1   286.8    -0.1     0.8
  1947.0   312.5   286.8     0.3     0.7
  1948.0   312.2   286.7     1.0     0.6
  1949.0   313.1   286.8    -2.8     0.7
  1950.0   314.5   286.8    -1.1     0.9
  1951.0   314.8   286.8     1.0     0.9
  1952.0   315.4   286.9    -1.9     0.9
  1953.0   316.3   286.9    -0.8     1.0
  1954.0   316.9   286.8     1.0     0.8
  1955.0   317.1   286.8    -1.0     0.9
  1956.0   318.7   287.0    -2.6     0.9
  1957.0   320.1   286.9    -0.7     1.2
  1958.0   320.3   286.8     1.0     0.9
  1959.0   321.3   286.8    -1.7     0.9
  1960.0   322.9   286.9    -1.7     1.0
  1961.0   324.0   287.0    -0.9     1.3
  1962.0   325.1   287.0    -0.1     1.3
  1963.0   325.3   286.8     0.0     1.2
  1964.0   326.5   286.6    -0.5     1.3
  1965.0   327.5   286.8    -0.5     1.1
  1966.0   329.1   286.8    -1.3     1.0
  1967.0   330.3   286.8    -0.0     1.1
  1968.0   331.4   286.9    -0.1     1.2
  1969.0   332.4   287.0    -0.8     1.2
  1970.0   334.0   287.0     0.2     1.4
  1971.0   335.4   287.0    -0.6     1.4
  1972.0   336.6   287.0     2.1     1.3
  1973.0   337.8   287.1    -1.8     1.3
  1974.0   339.9   287.0    -0.1     1.5
  1975.0   340.8   287.0     0.9     1.6
  1976.0   342.4   287.1    -0.4     1.4
  1977.0   344.3   287.2    -1.6     1.7
  1978.0   346.2   287.3     0.1     2.0
  1979.0   347.4   287.2     0.9     1.7
  1980.0   349.0   287.2    -0.3     1.7
  1981.0   350.8   287.2    -1.1     1.8
  1982.0   352.7   287.3    -0.1     1.9
  1983.0   354.6   287.1    -1.2     2.2
  1984.0   356.3   287.1     0.7     2.0
  1985.0   357.5   287.2     0.4     1.8
  1986.0   359.6   287.2    -1.7     1.8
  1987.0   361.5   287.2     0.5     1.8
  1988.0   363.9   287.4    -2.0     2.0
  1989.0   366.1   287.4     0.4     2.0
  1990.0   368.1   287.4    -0.4     2.0
  1991.0   369.9   287.3     0.9     1.9
  1992.0   371.5   287.1    -1.4     2.6
  1993.0   373.7   287.3     0.3     2.6
  1994.0   374.8   287.3     1.4     2.0
  1995.0   376.6   287.2    -0.6     1.7
  1996.0   379.3   287.3    -1.4     2.1
  1997.0   381.7   287.7    -0.2     2.3
  1998.0   383.7   287.8    -0.5     2.3
  1999.0   385.8   287.7     0.0     2.3
  2000.0   387.5   287.7     0.9     2.1
  2001.0   389.3   287.8    -0.3     2.2
  2002.0   391.8   287.9    -1.6     2.5
  2003.0   394.5   288.0    -0.5     2.5
  2004.0   396.1   288.0     2.1     2.4
  2005.0   398.2   287.9     0.7     2.3
  2006.0   399.8   287.8     0.7     2.3
  2007.0   402.5   287.9    -1.0     2.4
  2008.0   406.1   288.0    -0.6     2.7
  2009.0   408.5   288.1     1.1     2.7
  2010.0   411.2   287.9    -0.3     2.6
  2011.0   414.5   288.0    -0.3     2.8
  2012.0   418.1   288.1    -1.5     2.8
  2013.0   421.3   288.1     1.1     2.9
  2014.0   424.6   288.1    -0.5     2.9
  2015.0   428.0   288.1    -0.3     3.0
  2016.0   431.9   288.1    -1.3     3.1
  2017.0   435.9   288.0    -0.4     3.1
  2018.0   439.4   288.1     0.7     3.0
  2019.0   443.9   288.1    -2.0     3.1
  2020.0   448.5   288.3    -0.8     3.1
  2021.0   452.8   288.3    -0.4     3.4
  2022.0   457.0   288.4    -1.4     3.6
  2023.0   461.5   288.5    -0.7     3.7
  2024.0   465.7   288.3     0.1     3.6
  2025.0   470.3   288.3    -0.4     3.5
  2026.0   474.6   288.4    -1.3     3.4
  2027.0   480.4   288.7    -3.2     3.8
  2028.0   485.5   288.6     0.9     3.7
  2029.0   490.1   288.8    -1.4     3.8
  2030.0   495.7   288.8    -1.5     4.0
  2031.0   500.8   288.8    -1.0     4.0
  2032.0   506.3   288.8    -1.6     4.0
  2033.0   512.1   288.9    -2.1     4.1
  2034.0   518.4   289.0    -1.3     4.1
  2035.0   523.6   288.9     0.3     4.0
  2036.0   529.0   288.9    -1.5     4.1
  2037.0   535.9   289.0    -3.9     4.3
  2038.0   542.7   289.2    -0.5     4.3
  2039.0   548.5   289.1    -0.2     4.4
  2040.0   554.6   289.1    -2.5     4.4
  2041.0   562.3   289.2    -2.7     4.5
  2042.0   569.1   289.3    -1.9     4.8
  2043.0   575.4   289.2     0.6     4.4
  2044.0   582.6   289.2    -2.1     4.5
  2045.0   589.7   289.4    -1.1     4.4
  2046.0   596.8   289.3    -1.2     4.5
  2047.0   604.6   289.4    -2.2     4.7
  2048.0   612.3   289.5    -1.5     4.8
  2049.0   619.9   289.4    -0.1     4.7
  2050.0   627.1   289.3     0.4     4.5
  2051.0   634.7   289.5    -2.6     4.7
  2052.0   643.0   289.7    -1.3     4.8
  2053.0   651.8   289.8    -2.3     5.1
  2054.0   660.5   289.8    -0.7     4.9
  2055.0   668.5   289.9    -1.3     4.9
  2056.0   677.4   289.9    -1.6     4.9
  2057.0   686.0   289.9     0.4     4.9
  2058.0   694.6   290.0    -2.1     5.0
  2059.0   704.1   289.9    -0.8     5.0
  2060.0   712.9   289.9     0.0     5.0
  2061.0   722.2   290.1    -2.3     5.2
  2062.0   731.8   290.2    -0.3     5.1
  2063.0   740.9   290.2    -0.7     5.1
  2064.0   750.2   290.2     0.7     5.1
  2065.0   759.3   290.3    -1.3     5.0
  2066.0   769.6   290.4    -1.9     5.3
  2067.0   779.8   290.5    -1.3     5.1
  2068.0   789.5   290.5    -0.2     5.1
  2069.0   799.2   290.5     0.1     5.0
  2070.0   809.5   290.5    -1.3     5.1
  2071.0   819.8   290.8    -1.3     5.2
  2072.0   830.8   290.7    -0.9     5.2
  2073.0   840.6   290.8     0.0     5.0
  2074.0   850.8   290.8     0.3     5.0
  2075.0   860.9   290.9    -1.8     5.1
  2076.0   872.1   290.9    -1.4     5.1
  2077.0   882.7   290.9    -0.8     5.3
  2078.0   892.8   291.1    -0.3     5.0
  2079.0   904.0   291.1    -0.0     5.1
  2080.0   914.2   291.2    -0.0     4.9
  2081.0   925.4   291.2    -2.6     5.1
  2082.0   937.3   291.1    -0.9     5.2
  2083.0   947.6   291.3    -0.4     5.0
  2084.0   958.3   291.4    -0.7     5.1
  2085.0   969.6   291.3    -0.5     5.3
  2086.0   980.6   291.5    -2.0     4.9
  2087.0   992.6   291.6    -0.6     5.1
  2088.0  1003.5   291.6    -0.9     5.1
  2089.0  1015.2   291.5    -0.9     4.9
  2090.0  1025.9   291.6    -0.6     5.0
  2091.0  1038.3   291.7    -2.2     5.1
  2092.0  1049.7   291.8    -0.9     5.0
  2093.0  1061.2   291.7    -1.4     5.0
  2094.0  1072.2   291.8    -0.4     4.9
  2095.0  1083.6   291.9    -1.4     5.1
  2096.0  1095.1   291.9     0.1     4.8
  2097.0  1106.8   291.9    -1.5     5.0
  2098.0  1118.6   292.1    -2.4     4.7
  2099.0  1131.2   292.2    -1.0     4.8
  2100.0  1142.0   292.0     0.3     4.8
