  1850.0   284.6   286.4     0.7    -0.0
  1851.0   284.4   286.5     0.8    -0.4
  1852.0   284.5   286.6    -1.8    -0.1
  1853.0   285.7   286.5    -0.4     0.0
  1854.0   285.7   286.4    -1.3     0.2
  1855.0   286.5   286.6    -2.7     0.3
  1856.0   287.4   286.5     0.0     0.3
  1857.0   286.9   286.4     1.2     0.2
  1858.0   285.9   286.2     3.6    -0.2
  1859.0   284.4   286.2     1.3    -0.1
  1860.0   283.5   286.3     2.9    -0.2
  1861.0   282.3   286.3     2.4    -0.2
  1862.0   281.6   286.3     1.1    -0.2
  1863.0   281.7   286.3    -0.1    -0.1
  1864.0   282.0   286.5    -1.8    -0.4
  1865.0   283.4   286.4    -0.8    -0.1
  1866.0   283.2   286.3     1.6    -0.1
  1867.0   283.0   286.5    -1.1    -0.1
  1868.0   283.6   286.4    -0.8    -0.1
  1869.0   284.2   286.4    -0.4    -0.1
  1870.0   284.7   286.5    -1.7     0.1
  1871.0   286.2   286.5    -3.8     0.3
  1872.0   287.2   286.5    -2.3     0.4
  1873.0   289.0   286.7    -4.6     0.2
  1874.0   290.2   286.4     0.4     0.2
  1875.0   289.2   286.4     1.9     0.2
  1876.0   288.5   286.5     1.1     0.2
  1877.0   287.9   286.4     0.9     0.2
  1878.0   287.5   286.6     0.4     0.0
  1879.0   287.4   286.6     0.6     0.2
  1880.0   287.2   286.6     0.6     0.1
  1881.0   287.3   286.6    -0.4     0.0
  1882.0   287.2   286.4     1.8     0.0
  1883.0   286.7   286.6    -0.6    -0.0
  1884.0   287.5   286.4    -1.5     0.3
  1885.0   287.7   286.2     0.0     0.2
  1886.0   287.7   286.3    -0.9     0.2
  1887.0   288.7   286.4    -1.2     0.2
  1888.0   289.0   286.3     0.4     0.4
  1889.0   288.7   286.3     0.4     0.4
  1890.0   288.7   286.2     0.3     0.3
  1891.0   288.0   286.1     1.4     0.3
  1892.0   288.1   286.2    -2.0     0.2
  1893.0   288.9   286.2    -0.9     0.2
  1894.0   289.8   286.3    -1.7     0.4
  1895.0   290.8   286.3    -2.0     0.3
  1896.0   291.1   286.2     1.5     0.3
  1897.0   290.3   286.3     0.5     0.1
  1898.0   290.1   286.2     1.6     0.1
  1899.0   290.2   286.5    -2.1     0.3
  1900.0   290.9   286.4     0.6     0.3
  1901.0   290.3   286.4     2.0     0.1
  1902.0   289.9   286.4     0.9     0.2
  1903.0   289.8   286.3     0.6     0.2
  1904.0   289.8   286.3     0.6     0.2
  1905.0   289.5   286.4     0.6     0.0
  1906.0   289.9   286.4    -1.1     0.1
  1907.0   291.0   286.5    -2.5     0.4
  1908.0   292.6   286.5    -2.8     0.4
  1909.0   293.6   286.5    -0.8     0.3
  1910.0   294.6   286.5    -2.3     0.5
  1911.0   295.9   286.5    -2.6     0.6
  1912.0   297.1   286.5    -0.7     0.9
  1913.0   297.3   286.6    -1.7     0.6
  1914.0   298.7   286.6    -3.3     0.9
  1915.0   299.7   286.6    -1.1     0.7
  1916.0   300.8   286.7    -3.4     0.9
  1917.0   302.4   286.7    -3.6     1.0
  1918.0   303.7   286.7    -1.7     1.0
  1919.0   304.0   286.7    -0.2     1.1
  1920.0   304.0   286.7    -0.4     0.9
  1921.0   304.0   286.6     0.5     0.4
  1922.0   303.3   286.5     2.2     0.8
  1923.0   302.9   286.6     0.3     0.7
  1924.0   303.6   286.8    -3.9     0.6
  1925.0   305.7   286.8    -2.0     0.7
  1926.0   306.6   286.8    -2.5     0.8
  1927.0   308.1   286.8    -2.1     0.9
  1928.0   308.9   286.7    -0.5     0.9
  1929.0   308.9   286.6    -0.4     1.0
  1930.0   308.8   286.6     0.7     0.7
  1931.0   308.7   286.6    -0.3     0.7
  1932.0   309.2   286.7    -0.9     0.8
  1933.0   309.2   286.7     1.1     0.9
  1934.0   309.3   286.8    -2.0     0.8
  1935.0   310.2   286.8    -1.4     0.7
  1936.0   311.1   286.7    -1.3     0.6
  1937.0   312.1   286.8    -1.9     0.9
  1938.0   312.5   286.7     1.1     0.8
  1939.0   312.4   286.8    -0.9     0.6
  1940.0   313.3   286.8    -1.0     0.7
  1941.0   313.7   286.8     1.1     0.8
  1942.0   313.2   286.9     1.2     0.5
  1943.0   313.6   286.8    -1.1     0.7
  1944.0   314.6   286.9    -0.4     0.7
  1945.0   314.8   287.0    -1.5     0.7
  1946.0   315.7   287.0    -0.8     0.8
  1947.0   316.1   287.0     0.3     0.8
  1948.0   315.8   286.8     2.8     0.6
  1949.0   315.7   286.9    -1.1     0.8
  1950.0   316.6   286.8    -1.3     0.8
  1951.0   317.2   286.8     0.7     0.8
  1952.0   317.6   287.0    -2.6     0.9
  1953.0   319.7   287.0    -2.7     1.2
  1954.0   321.2   286.9    -1.9     1.3
  1955.0   322.5   287.0    -2.2     1.2
  1956.0   324.0   287.1    -3.4     1.4
  1957.0   326.8   287.1    -4.7     1.4
  1958.0   328.6   286.9    -2.1     1.3
  1959.0   330.1   286.9    -1.1     1.4
  1960.0   330.4   286.9     1.0     1.3
  1961.0   330.6   286.8    -0.2     1.4
  1962.0   331.3   286.9    -0.1     1.4
  1963.0   332.1   287.0    -1.7     1.3
  1964.0   333.4   286.9     0.7     1.4
  1965.0   333.7   286.7     1.2     1.3
  1966.0   334.0   286.7     1.6     1.3
  1967.0   333.9   286.7     2.7     1.3
  1968.0   333.5   286.7     3.4     1.2
  1969.0   333.4   286.9     0.6     1.3
  1970.0   335.1   286.9    -1.2     1.2
  1971.0   337.1   287.0    -1.7     1.3
  1972.0   339.0   287.0    -0.5     1.3
  1973.0   340.7   286.9     1.4     1.3
  1974.0   341.6   286.8     1.2     1.3
  1975.0   342.4   286.8     2.0     1.4
  1976.0   343.1   287.0     0.0     1.5
  1977.0   344.9   287.0     0.3     1.5
  1978.0   346.2   286.9     1.5     1.4
  1979.0   347.1   286.9     1.9     1.5
  1980.0   348.3   286.9     0.2     1.7
  1981.0   349.2   286.9     2.9     1.5
  1982.0   350.3   287.0    -0.2     1.5
  1983.0   351.8   286.8     1.4     1.8
  1984.0   352.4   286.9     2.6     1.8
  1985.0   353.3   287.1    -1.1     1.5
  1986.0   356.0   287.1    -0.6     1.7
  1987.0   358.1   287.1    -0.6     1.8
  1988.0   360.4   287.0    -1.0     2.0
  1989.0   362.8   287.2    -2.5     2.0
  1990.0   366.2   287.1    -1.7     2.3
  1991.0   367.8   287.2     1.5     2.3
  1992.0   369.0   287.1     0.5     2.4
  1993.0   370.9   287.2    -1.0     2.3
  1994.0   373.1   287.3    -0.2     2.2
  1995.0   375.0   287.2    -0.1     2.4
  1996.0   376.8   287.3    -0.3     2.4
  1997.0   378.9   287.5     0.6     2.3
  1998.0   380.2   287.5     1.4     2.1
  1999.0   381.9   287.4     1.7     1.9
  2000.0   382.2   287.3     5.5     1.9
  2001.0   383.0   287.4     0.4     2.0
  2002.0   384.8   287.4     2.3     2.0
  2003.0   386.3   287.4     0.8     2.0
  2004.0   388.5   287.4     1.7     2.3
  2005.0   390.0   287.5     2.0     2.1
  2006.0   392.4   287.6    -0.5     2.2
  2007.0   396.0   287.6    -1.5     2.2
  2008.0   398.9   287.6     1.2     2.6
  2009.0   401.2   287.6     0.0     2.5
  2010.0   403.8   287.6     1.6     2.7
  2011.0   406.9   287.8    -1.5     2.8
  2012.0   410.1   287.7     1.0     2.7
  2013.0   412.0   287.7     4.0     2.6
  2014.0   414.2   287.9     0.9     2.7
  2015.0   417.4   287.8     0.8     3.0
  2016.0   420.4   287.9     1.1     2.9
  2017.0   423.3   287.9     0.9     3.0
  2018.0   427.5   288.0    -2.1     2.9
  2019.0   431.7   288.0     0.9     3.0
  2020.0   435.8   288.0    -2.5     2.9
  2021.0   441.2   288.2    -2.1     3.5
  2022.0   445.7   288.1     0.4     3.4
  2023.0   449.5   288.1     0.9     3.3
  2024.0   453.2   288.2     0.1     3.5
  2025.0   458.1   288.3    -2.8     3.4
  2026.0   464.0   288.5    -2.6     3.6
  2027.0   469.2   288.5    -0.8     3.8
  2028.0   474.2   288.6    -1.5     3.9
  2029.0   478.5   288.5     2.6     3.7
  2030.0   482.3   288.6     1.0     3.7
  2031.0   486.1   288.6     1.5     3.7
  2032.0   490.5   288.5     1.6     3.8
  2033.0   495.2   288.7    -0.4     3.8
  2034.0   500.4   288.7     0.8     3.8
  2035.0   505.4   288.9    -0.6     3.7
  2036.0   511.4   288.8    -0.2     3.9
  2037.0   516.8   289.0     0.6     4.0
  2038.0   522.1   288.9     1.7     4.1
  2039.0   527.2   289.0    -0.5     3.9
  2040.0   533.7   289.1    -1.3     4.3
  2041.0   540.5   289.1    -1.8     4.3
  2042.0   546.5   289.0     2.7     4.2
  2043.0   551.7   289.0     2.4     4.2
  2044.0   557.0   289.1     1.4     4.3
  2045.0   563.1   289.3     1.2     4.3
  2046.0   569.2   289.5     0.5     4.1
  2047.0   577.1   289.6    -1.7     4.3
  2048.0   583.9   289.6     0.3     4.8
  2049.0   590.8   289.5    -0.2     4.5
  2050.0   597.7   289.5     3.3     4.5
  2051.0   603.5   289.6     1.8     4.5
  2052.0   610.7   289.6     1.6     4.4
  2053.0   617.8   289.7     0.9     4.7
  2054.0   625.3   289.8    -1.0     4.6
  2055.0   634.0   289.9    -0.0     4.8
  2056.0   641.9   289.9     0.5     5.0
  2057.0   650.2   289.9     0.2     4.9
  2058.0   658.4   290.1    -0.4     4.7
  2059.0   667.7   290.3    -0.5     4.9
  2060.0   675.8   290.3     2.5     5.0
  2061.0   683.7   290.4    -1.0     4.7
  2062.0   693.6   290.5    -1.5     4.8
  2063.0   704.4   290.6    -5.1     5.1
  2064.0   714.3   290.6     0.6     5.0
  2065.0   723.9   290.6    -1.9     5.1
  2066.0   733.5   290.7    -0.9     5.1
  2067.0   743.7   290.8    -1.9     5.2
  2068.0   754.7   290.8    -3.2     5.5
  2069.0   764.9   290.8    -1.2     5.3
  2070.0   774.8   290.9     0.6     5.2
  2071.0   784.9   291.1    -2.4     5.2
  2072.0   795.6   291.2    -1.5     5.2
  2073.0   806.7   291.4    -3.3     5.2
  2074.0   817.6   291.3    -2.0     5.5
  2075.0   828.4   291.3    -0.5     5.2
  2076.0   838.9   291.5    -0.6     5.2
  2077.0   850.1   291.6    -2.7     5.1
  2078.0   861.4   291.8    -4.0     5.2
  2079.0   873.5   291.9    -3.0     5.2
  2080.0   886.0   291.9    -6.1     5.3
  2081.0   899.3   291.9    -5.6     5.6
  2082.0   911.4   291.9    -2.4     5.3
  2083.0   923.7   292.2    -6.2     5.2
  2084.0   936.8   292.3    -4.3     5.4
  2085.0   949.8   292.4    -5.7     5.4
  2086.0   963.1   292.4    -5.7     5.4
  2087.0   975.7   292.4    -2.0     5.4
  2088.0   987.9   292.5    -3.0     5.4
  2089.0   999.2   292.7    -2.6     5.2
  2090.0  1011.2   292.8    -3.1     5.3
  2091.0  1024.6   293.0    -6.7     5.3
  2092.0  1038.8   293.1    -7.8     5.2
  2093.0  1053.6   293.3    -8.8     5.3
  2094.0  1068.5   293.2    -7.2     5.3
  2095.0  1081.9   293.3    -4.5     5.2
  2096.0  1095.6   293.4    -7.7     5.4
  2097.0  1109.1   293.4    -4.8     5.2
  2098.0  1122.6   293.5    -4.7     5.2
  2099.0  1135.9   293.7    -4.0     5.1
  2100.0  1148.8   293.8    -7.0     5.4
