  1850.0   283.0   286.9     2.0    -0.4
  1851.0   282.5   286.9     0.2    -0.5
  1852.0   284.0   287.0    -1.7    -0.2
  1853.0   284.7   286.9    -1.3    -0.2
  1854.0   285.8   287.0    -1.4    -0.1
  1855.0   285.6   287.0     2.2     0.3
  1856.0   285.5   287.0    -0.9     0.1
  1857.0   285.9   286.8     1.2     0.2
  1858.0   285.5   286.8    -0.2    -0.1
  1859.0   286.2   286.9     0.6     0.1
  1860.0   286.1   286.8     0.4    -0.1
  1861.0   285.7   286.8     2.2    -0.0
  1862.0   284.8   286.8     2.4    -0.4
  1863.0   285.1   286.9    -1.3    -0.3
  1864.0   286.0   286.9     0.2    -0.0
  1865.0   286.0   286.9     0.8    -0.2
  1866.0   285.2   286.9     2.4     0.0
  1867.0   285.1   287.0    -0.2    -0.0
  1868.0   285.8   287.0    -0.6    -0.3
  1869.0   285.9   287.0     1.4    -0.1
  1870.0   286.3   287.1    -1.4    -0.1
  1871.0   286.9   287.0     1.0    -0.3
  1872.0   286.5   286.9     0.4    -0.3
  1873.0   287.6   286.9    -0.9    -0.0
  1874.0   288.4   286.9    -1.8     0.2
  1875.0   288.9   287.0     0.5     0.1
  1876.0   289.1   286.9     1.0    -0.0
  1877.0   289.3   286.9    -0.7     0.1
  1878.0   290.1   286.9    -1.8     0.3
  1879.0   290.4   286.8     0.7     0.5
  1880.0   290.3   286.8     2.6     0.4
  1881.0   289.1   286.8     1.9    -0.4
  1882.0   289.6   286.9     0.4    -0.1
  1883.0   289.1   286.8     2.7     0.1
  1884.0   287.6   286.3     2.6     0.4
  1885.0   287.1   286.4     3.4     0.1
  1886.0   285.2   286.6     3.9    -0.4
  1887.0   285.5   286.8     0.2    -0.6
  1888.0   286.0   286.7    -0.4    -0.4
  1889.0   287.4   286.9    -1.8    -0.3
  1890.0   288.1   286.7    -0.1     0.3
  1891.0   287.8   286.6     2.0     0.2
  1892.0   287.8   286.6     0.2    -0.0
  1893.0   288.2   286.7     1.0    -0.0
  1894.0   288.2   286.7    -0.8    -0.2
  1895.0   290.2   286.9    -2.4    -0.2
  1896.0   290.6   286.9     0.0     0.1
  1897.0   291.6   287.0    -0.2     0.2
  1898.0   292.1   287.1    -1.2     0.0
  1899.0   292.8   287.1     0.5     0.4
  1900.0   292.6   287.1     1.5     0.0
  1901.0   293.0   287.2    -1.0     0.2
  1902.0   294.2   287.1    -0.2     0.3
  1903.0   293.4   286.7     3.4     0.5
  1904.0   292.8   286.8     1.5     0.1
  1905.0   293.0   286.9     1.0     0.0
  1906.0   293.0   286.9     1.3     0.2
  1907.0   292.7   286.9     1.8    -0.1
  1908.0   293.4   286.9     0.5    -0.1
  1909.0   293.6   286.9     1.3     0.2
  1910.0   293.7   286.9     0.6     0.0
  1911.0   294.4   287.1    -0.1     0.0
  1912.0   295.1   287.1     1.1     0.1
  1913.0   295.3   287.0    -0.4     0.6
  1914.0   296.3   287.0    -0.7     0.4
  1915.0   296.4   287.0     1.9     0.5
  1916.0   296.7   287.1    -0.8     0.2
  1917.0   297.4   287.1     0.8     0.4
  1918.0   297.9   287.0    -0.6     0.3
  1919.0   298.2   287.0     1.8     0.2
  1920.0   297.8   287.0     2.5     0.4
  1921.0   298.2   287.1    -1.0     0.2
  1922.0   299.4   287.1    -1.1     0.5
  1923.0   299.2   287.0     2.0     0.4
  1924.0   299.5   287.1     0.7     0.3
  1925.0   299.9   287.1     1.1     0.6
  1926.0   300.0   287.0    -0.2     0.3
  1927.0   300.6   287.0     2.3     0.6
  1928.0   300.1   287.1     0.8     0.6
  1929.0   300.3   287.0     1.7     0.5
  1930.0   300.7   287.0    -0.6     0.3
  1931.0   300.8   287.0     2.7     0.4
  1932.0   301.2   287.1    -0.3     0.2
  1933.0   301.6   287.0     1.5     0.3
  1934.0   301.1   287.0     1.3     0.2
  1935.0   302.5   287.1    -1.1     0.3
  1936.0   303.5   287.1    -1.4     0.3
  1937.0   303.7   287.1     3.8     0.7
  1938.0   303.6   287.1    -0.8     0.1
  1939.0   304.9   287.2    -1.8     0.5
  1940.0   306.1   287.3     0.2     0.7
  1941.0   306.5   287.1     0.7     0.9
  1942.0   306.5   287.1     1.9     0.6
  1943.0   306.5   287.1     2.5     0.4
  1944.0   305.7   287.1     1.6     0.3
  1945.0   306.4   287.3    -0.2     0.3
  1946.0   306.9   287.3     1.9     0.6
  1947.0   306.9   287.3     1.0     0.4
  1948.0   307.7   287.4    -0.2     0.3
  1949.0   307.7   287.2     1.5     0.6
  1950.0   309.4   287.3    -1.4     0.6
  1951.0   310.0   287.2     0.2     0.7
  1952.0   312.3   287.3    -3.6     0.9
  1953.0   313.3   287.2     1.9     1.0
  1954.0   313.5   287.3     2.4     0.4
  1955.0   314.1   287.4     1.7     0.3
  1956.0   314.6   287.4     0.8     0.5
  1957.0   315.9   287.4    -0.6     0.8
  1958.0   317.1   287.5     1.1     1.0
  1959.0   317.8   287.6     1.5     0.8
  1960.0   318.1   287.5     2.3     0.8
  1961.0   318.6   287.5     2.7     1.2
  1962.0   318.7   287.5     1.2     1.0
  1963.0   319.9   287.4    -0.1     1.2
  1964.0   320.7   287.2     2.4     0.9
  1965.0   321.5   287.3     2.5     0.9
  1966.0   321.5   287.4     3.0     0.9
  1967.0   322.5   287.6     1.3     0.9
  1968.0   323.4   287.4     3.6     1.2
  1969.0   323.2   287.4     3.1     0.7
  1970.0   325.4   287.4    -1.2     0.6
  1971.0   327.6   287.5    -0.2     1.0
  1972.0   329.7   287.5     1.4     1.3
  1973.0   330.0   287.4     3.2     1.3
  1974.0   331.5   287.5     1.2     1.2
  1975.0   333.2   287.6    -0.4     1.4
  1976.0   335.2   287.5     1.9     1.6
  1977.0   335.4   287.5     4.3     1.5
  1978.0   336.1   287.5     2.9     1.5
  1979.0   337.9   287.6    -1.0     1.3
  1980.0   340.8   287.6    -0.4     1.3
  1981.0   342.5   287.6     1.0     1.7
  1982.0   344.3   287.6     0.8     2.0
  1983.0   345.8   287.5     2.6     1.9
  1984.0   346.1   287.5     4.1     1.6
  1985.0   347.4   287.7     2.4     1.3
  1986.0   348.0   287.7     4.8     1.8
  1987.0   349.2   287.7     1.7     1.5
  1988.0   351.0   287.8     0.4     1.4
  1989.0   353.9   287.8     2.4     1.9
  1990.0   355.4   287.8     1.0     1.6
  1991.0   357.9   287.6     0.2     2.2
  1992.0   358.9   287.5     4.5     2.5
  1993.0   359.2   287.5     5.5     1.9
  1994.0   359.6   287.7     3.4     1.6
  1995.0   361.2   287.7     2.6     1.6
  1996.0   363.4   287.8     1.1     1.5
  1997.0   365.4   287.9     2.1     1.6
  1998.0   367.7   287.9     0.5     1.8
  1999.0   370.3   288.0     1.1     2.0
  2000.0   372.0   288.1     1.7     1.9
  2001.0   373.4   288.1     4.7     2.4
  2002.0   375.2   288.1    -1.7     2.0
  2003.0   378.5   288.2     3.2     1.9
  2004.0   380.3   288.2     2.2     2.0
  2005.0   383.7   288.3    -1.3     2.3
  2006.0   385.7   288.1     4.7     2.4
  2007.0   387.0   288.3     4.4     2.3
  2008.0   388.2   288.2     3.9     2.4
  2009.0   391.1   288.2     0.4     2.1
  2010.0   394.7   288.3    -0.2     2.4
  2011.0   397.2   288.2     5.6     2.5
  2012.0   399.2   288.4     1.9     2.5
  2013.0   402.0   288.4     1.9     2.7
  2014.0   404.9   288.4     2.7     2.6
  2015.0   407.8   288.4     2.5     2.8
  2016.0   410.8   288.4     1.3     2.6
  2017.0   414.0   288.5     5.0     2.8
  2018.0   415.3   288.4     5.7     2.9
  2019.0   418.0   288.5     1.5     2.6
  2020.0   421.1   288.4     4.6     2.9
  2021.0   423.6   288.5     5.1     2.8
  2022.0   426.4   288.6     2.9     2.9
  2023.0   429.7   288.6     2.8     2.9
  2024.0   433.7   288.7     2.8     2.8
  2025.0   436.5   288.7     4.0     3.4
  2026.0   439.2   288.7     3.7     3.2
  2027.0   443.4   288.6     3.0     3.6
  2028.0   446.7   288.7     2.4     2.9
  2029.0   451.6   288.9     0.6     3.0
  2030.0   455.4   288.8     5.5     3.7
  2031.0   459.2   288.9     1.8     3.4
  2032.0   462.8   288.9     6.1     3.5
  2033.0   467.0   288.9    -0.5     3.3
  2034.0   472.6   289.0     1.7     3.8
  2035.0   477.3   289.0     3.0     4.0
  2036.0   480.6   289.1     6.1     3.9
  2037.0   484.7   289.1     4.0     3.6
  2038.0   489.4   289.2     1.3     3.7
  2039.0   494.4   289.2     4.4     4.2
  2040.0   498.5   289.2     3.0     3.8
  2041.0   504.3   289.3     3.6     4.1
  2042.0   509.3   289.4     0.7     4.0
  2043.0   514.5   289.4     6.5     4.4
  2044.0   518.3   289.4     7.0     3.7
  2045.0   523.2   289.6     1.4     4.2
  2046.0   529.8   289.6     2.1     4.1
  2047.0   534.8   289.4     9.6     4.6
  2048.0   537.7   289.5     4.9     4.2
  2049.0   544.4   289.6     2.3     4.3
  2050.0   550.5   289.6     4.1     4.3
  2051.0   555.7   289.6     6.6     4.4
  2052.0   561.6   289.8     2.0     4.1
  2053.0   569.5   289.8     1.6     4.6
  2054.0   575.5   289.9     6.3     4.6
  2055.0   580.8   289.9     6.0     4.5
  2056.0   587.7   290.0     2.6     4.6
  2057.0   595.6   290.0     0.8     5.1
  2058.0   601.9   289.9     6.3     5.1
  2059.0   608.1   290.0     6.6     4.5
  2060.0   615.8   290.0     1.0     4.5
  2061.0   623.6   290.1     3.6     5.1
  2062.0   630.6   290.2     5.7     4.9
  2063.0   638.0   290.3     3.4     5.4
  2064.0   645.9   290.2     1.0     4.9
  2065.0   652.7   290.2     9.6     5.1
  2066.0   659.5   290.4     5.7     4.9
  2067.0   666.2   290.5     5.3     5.1
  2068.0   674.1   290.5     4.6     5.8
  2069.0   680.9   290.4     5.9     5.0
  2070.0   688.9   290.4     1.7     4.8
  2071.0   698.8   290.5     1.9     5.2
  2072.0   707.8   290.5     2.8     5.3
  2073.0   715.8   290.5     5.4     5.5
  2074.0   724.0   290.6     1.9     5.5
  2075.0   732.4   290.7     5.0     5.1
  2076.0   739.9   290.7     6.4     5.4
  2077.0   747.7   290.7     5.6     5.1
  2078.0   755.8   290.9     3.3     5.1
  2079.0   765.9   291.0     1.5     5.5
  2080.0   774.7   290.9     4.5     5.3
  2081.0   782.2   290.9     6.8     5.3
  2082.0   791.2   291.0     2.0     5.2
  2083.0   801.6   291.1    -1.7     5.2
  2084.0   812.5   291.1     2.7     5.4
  2085.0   821.5   291.1     6.1     5.5
  2086.0   829.0   291.1     3.7     5.4
  2087.0   838.1   291.2     4.3     5.0
  2088.0   847.4   291.3     3.5     5.0
  2089.0   856.6   291.3     3.7     5.2
  2090.0   867.0   291.5     0.5     5.3
  2091.0   877.6   291.5    -1.2     5.2
  2092.0   888.0   291.4     2.9     5.8
  2093.0   898.8   291.6     0.0     5.0
  2094.0   910.5   291.5    -0.8     5.4
  2095.0   918.6   291.6     7.7     5.3
  2096.0   928.2   291.6     1.4     4.9
  2097.0   939.1   291.7    -0.4     5.3
  2098.0   949.2   291.7     5.1     5.4
  2099.0   958.3   291.8     1.7     5.0
