  1850.0   288.0   286.9     0.9     0.1
  1851.0   287.6   286.9    -0.6     0.2
  1852.0   288.5   287.0    -2.4     0.4
  1853.0   289.2   287.0    -0.4     0.5
  1854.0   288.5   286.7     2.3    -0.0
  1855.0   287.7   286.8     1.2    -0.2
  1856.0   286.6   286.8     2.9    -0.3
  1857.0   286.9   286.9    -2.4    -0.0
  1858.0   287.2   286.7     2.1    -0.1
  1859.0   285.7   286.6     2.5    -0.2
  1860.0   285.7   286.5     1.5    -0.7
  1861.0   284.7   286.6     2.4    -0.4
  1862.0   284.2   286.7     0.9    -0.5
  1863.0   285.1   286.9    -3.2     0.2
  1864.0   286.1   286.7    -0.8    -0.0
  1865.0   286.6   286.8    -0.6    -0.1
  1866.0   287.2   286.9    -2.4     0.3
  1867.0   288.4   287.0    -1.8     0.2
  1868.0   288.1   286.8     1.9     0.1
  1869.0   287.6   286.8     1.0     0.0
  1870.0   286.6   286.7     1.7    -0.2
  1871.0   287.5   286.9    -2.7    -0.1
  1872.0   288.5   286.9    -0.8    -0.2
  1873.0   288.2   287.0     0.9     0.1
  1874.0   289.6   287.2    -3.8     0.2
  1875.0   290.1   287.1     0.7     0.0
  1876.0   289.2   286.8     3.0    -0.0
  1877.0   287.8   287.0     0.6    -0.0
  1878.0   289.5   287.0    -4.2     0.6
  1879.0   289.8   286.9     2.0     0.4
  1880.0   288.7   286.8     2.6    -0.2
  1881.0   287.4   287.0     2.0    -0.2
  1882.0   288.1   287.1    -3.5    -0.0
  1883.0   290.2   287.1    -3.5     0.5
  1884.0   289.9   286.5     4.7     0.1
  1885.0   287.3   286.3     3.8    -0.3
  1886.0   287.4   286.4    -1.5    -0.0
  1887.0   288.2   286.6     0.3    -0.3
  1888.0   288.5   286.7    -1.0    -0.2
  1889.0   289.2   286.7    -1.2     0.4
  1890.0   289.7   286.6    -0.2     0.3
  1891.0   289.2   286.6     1.3     0.3
  1892.0   288.8   286.5     2.3    -0.7
  1893.0   287.7   286.5     2.0    -0.1
  1894.0   288.3   286.7    -2.1     0.1
  1895.0   288.6   286.7     1.0    -0.0
  1896.0   289.1   286.7    -1.0    -0.1
  1897.0   289.4   286.7     0.5    -0.1
  1898.0   289.6   286.7    -0.4    -0.0
  1899.0   290.5   286.9    -1.3     0.3
  1900.0   290.5   286.6     2.1    -0.1
  1901.0   289.9   286.7     1.1    -0.2
  1902.0   290.4   286.9    -2.6     0.4
  1903.0   291.7   286.9    -2.5     0.9
  1904.0   293.0   286.8    -0.7     0.4
  1905.0   291.8   286.6     4.0     0.2
  1906.0   291.3   286.6     0.8    -0.2
  1907.0   291.0   286.7     0.8     0.0
  1908.0   291.7   286.8    -2.1     0.1
  1909.0   293.2   286.8    -1.2     0.3
  1910.0   294.3   286.8    -2.4     0.4
  1911.0   295.5   287.0    -1.4     0.5
  1912.0   295.5   286.8     1.5     0.3
  1913.0   295.8   286.8    -1.7     0.6
  1914.0   296.5   286.8     0.2     0.3
  1915.0   296.2   286.7     1.5     0.2
  1916.0   295.7   286.8     1.0     0.5
  1917.0   296.4   287.0    -2.4     0.6
  1918.0   297.2   286.9     0.6     0.0
  1919.0   296.6   286.8     1.6     0.4
  1920.0   297.2   287.0    -1.3     0.3
  1921.0   297.6   287.0     0.0     0.6
  1922.0   298.5   287.1    -4.1     0.4
  1923.0   300.8   287.1    -2.1     0.7
  1924.0   300.6   286.8     3.3     0.3
  1925.0   298.8   286.7     4.1    -0.1
  1926.0   297.8   286.8     2.0     0.0
  1927.0   298.6   287.0    -2.0     0.2
  1928.0   299.5   287.0    -0.3     0.4
  1929.0   300.0   286.9     1.6     0.1
  1930.0   299.0   286.7     2.8     0.2
  1931.0   298.4   286.8     0.8     0.3
  1932.0   299.0   287.0    -3.0     0.4
  1933.0   300.9   287.1    -1.0     0.5
  1934.0   300.0   286.8     3.7     0.0
  1935.0   299.8   286.7     0.8     0.1
  1936.0   299.0   286.7     2.8     0.1
  1937.0   299.7   287.0    -3.2     0.6
  1938.0   301.9   287.1    -4.0     0.8
  1939.0   303.4   287.1     0.8     0.2
  1940.0   301.8   286.8     5.0    -0.0
  1941.0   301.2   287.0    -0.2     0.2
  1942.0   303.0   287.0    -3.4     0.6
  1943.0   304.5   287.0    -0.2     0.7
  1944.0   304.6   286.9    -0.4     0.6
  1945.0   305.5   287.1    -1.7     0.5
  1946.0   306.1   287.0     1.2     0.7
  1947.0   305.5   286.9     1.0     0.6
  1948.0   305.9   286.9     0.6     0.1
  1949.0   305.5   286.9     3.0     0.3
  1950.0   305.4   286.9     0.4     0.2
  1951.0   306.2   287.0    -0.9     0.3
  1952.0   307.6   287.1    -1.4     0.7
  1953.0   308.7   287.1    -0.1     0.8
  1954.0   309.0   287.0    -0.5     0.6
  1955.0   310.5   287.1    -1.5     0.6
  1956.0   310.6   286.9     3.3     0.7
  1957.0   310.8   287.1    -0.6     0.7
  1958.0   311.6   286.9     0.2     0.5
  1959.0   313.4   287.1    -2.8     0.9
  1960.0   314.3   286.9     2.2     0.8
  1961.0   315.0   287.0    -2.1     1.3
  1962.0   316.9   287.1    -3.5     1.4
  1963.0   318.8   287.1    -0.0     1.5
  1964.0   319.0   286.7     1.2     1.3
  1965.0   318.8   286.6     3.0     0.9
  1966.0   319.7   286.8    -1.9     1.0
  1967.0   321.2   286.6     2.8     0.6
  1968.0   320.7   286.6     4.2     0.6
  1969.0   320.4   286.6     2.2     0.9
  1970.0   321.2   286.8     1.2     1.0
  1971.0   323.7   287.0    -4.8     1.6
  1972.0   326.3   286.9    -0.2     1.4
  1973.0   327.6   286.9     1.2     1.0
  1974.0   329.0   287.0    -0.9     1.4
  1975.0   331.5   287.1    -1.8     1.7
  1976.0   333.2   287.0     1.0     1.3
  1977.0   334.3   287.1     1.4     1.2
  1978.0   335.3   287.0     3.3     0.9
  1979.0   335.6   287.0     1.8     1.2
  1980.0   338.1   287.2    -1.8     1.4
  1981.0   340.1   287.2     1.5     1.1
  1982.0   340.7   287.1     2.9     1.3
  1983.0   342.1   287.1    -0.8     1.4
  1984.0   344.1   287.3    -0.7     1.6
  1985.0   346.6   287.3    -1.1     1.7
  1986.0   348.1   287.2     1.9     1.6
  1987.0   349.6   287.3    -0.2     1.8
  1988.0   351.7   287.3    -0.7     1.9
  1989.0   354.2   287.5    -1.7     2.1
  1990.0   356.9   287.3     1.0     1.5
  1991.0   357.2   287.2     5.5     1.6
  1992.0   357.1   287.2     1.9     1.8
  1993.0   360.2   287.5    -4.2     2.2
  1994.0   363.6   287.4     0.1     1.9
  1995.0   364.0   287.3     5.2     1.8
  1996.0   364.4   287.3     3.5     1.0
  1997.0   365.8   287.4     1.4     1.4
  1998.0   368.4   287.6    -1.7     1.8
  1999.0   371.2   287.8    -2.2     2.2
  2000.0   375.4   288.0    -3.0     2.4
  2001.0   377.0   287.8     3.7     2.0
  2002.0   378.3   288.0    -1.5     2.0
  2003.0   382.2   288.0    -1.1     2.3
  2004.0   384.0   287.9     2.9     2.3
  2005.0   386.2   288.0    -1.3     2.2
  2006.0   389.3   288.2     0.2     2.4
  2007.0   391.8   288.2     1.7     2.4
  2008.0   394.2   288.3    -0.7     2.4
  2009.0   397.7   288.2    -0.9     2.5
  2010.0   401.2   288.3    -1.7     2.6
  2011.0   405.1   288.2     0.5     2.5
  2012.0   406.7   288.2     3.7     2.2
  2013.0   409.5   288.5    -1.2     2.4
  2014.0   414.0   288.6    -2.3     2.9
  2015.0   417.8   288.5     1.0     2.6
  2016.0   419.6   288.6     3.7     2.7
  2017.0   423.6   288.6    -3.0     3.0
  2018.0   427.6   288.5     2.1     2.8
  2019.0   430.4   288.6     1.3     2.7
  2020.0   434.7   288.7    -1.2     2.9
  2021.0   439.3   288.9    -1.8     3.3
  2022.0   444.5   288.8    -0.4     3.3
  2023.0   447.4   288.7     4.6     2.8
  2024.0   449.7   288.8     3.4     3.1
  2025.0   452.8   288.8     3.0     2.8
  2026.0   456.2   288.9     2.4     2.7
  2027.0   460.0   288.9     1.2     3.0
  2028.0   464.7   288.8     1.0     3.0
  2029.0   468.0   289.0     3.6     3.3
  2030.0   472.5   289.2    -1.1     3.4
  2031.0   479.2   289.3    -4.4     3.6
  2032.0   484.9   289.3     0.9     3.5
  2033.0   489.0   289.1     4.9     3.2
  2034.0   490.9   289.1     5.8     3.2
  2035.0   496.5   289.4    -3.7     3.5
  2036.0   504.1   289.5    -1.8     3.9
  2037.0   507.7   289.3     7.6     3.5
  2038.0   510.7   289.4     2.9     3.3
  2039.0   516.9   289.6    -1.6     3.8
  2040.0   523.1   289.6     2.3     3.6
  2041.0   528.1   289.6     1.2     3.5
  2042.0   535.3   289.9    -3.2     4.0
  2043.0   542.8   289.9     0.3     4.3
  2044.0   546.7   289.6     5.9     3.6
  2045.0   551.7   289.8     3.1     3.7
  2046.0   558.1   289.9     0.7     3.7
  2047.0   564.8   289.9     1.2     3.8
  2048.0   572.1   290.0    -0.2     3.9
  2049.0   579.5   290.3     0.1     4.2
  2050.0   586.2   290.2     2.7     4.2
  2051.0   592.0   290.1     3.2     4.0
  2052.0   599.0   290.3     0.7     4.0
  2053.0   608.0   290.6    -2.3     4.5
  2054.0   615.9   290.4     2.9     4.2
  2055.0   620.6   290.3     8.8     3.9
  2056.0   626.8   290.6    -0.1     4.0
  2057.0   636.2   290.4     1.6     4.1
  2058.0   642.5   290.5     3.9     4.1
  2059.0   651.4   290.8    -1.7     4.3
  2060.0   660.5   290.7     1.9     4.4
  2061.0   668.2   290.7     3.3     4.3
  2062.0   675.2   290.7     4.9     4.2
  2063.0   683.8   291.0    -1.1     4.3
  2064.0   694.0   291.0     0.8     4.6
  2065.0   701.2   291.0     3.7     4.3
  2066.0   709.9   291.1     2.7     4.4
  2067.0   717.7   291.0     3.9     4.6
  2068.0   726.4   291.2     1.3     4.4
  2069.0   736.4   291.4    -0.5     4.7
  2070.0   745.4   291.3     2.4     4.4
  2071.0   754.7   291.4     3.9     4.4
  2072.0   763.1   291.5     1.2     4.6
  2073.0   773.3   291.5     1.0     4.6
  2074.0   782.0   291.6     2.3     4.6
  2075.0   792.5   291.9    -0.7     4.6
  2076.0   802.1   291.7     4.3     4.4
  2077.0   810.0   291.7     4.5     4.4
  2078.0   818.8   291.6     3.6     4.4
  2079.0   828.9   292.0    -1.4     4.7
  2080.0   839.9   292.0     2.1     4.8
  2081.0   848.2   291.9     5.9     4.4
  2082.0   856.5   291.9     3.5     4.2
  2083.0   866.7   292.1     1.0     4.5
  2084.0   877.3   292.2     0.1     4.5
  2085.0   888.1   292.3     0.9     4.7
  2086.0   898.2   292.2     1.5     4.6
  2087.0   908.7   292.2     0.4     4.3
  2088.0   919.3   292.3     2.2     4.4
  2089.0   930.0   292.5     0.5     4.6
  2090.0   940.4   292.6     1.3     4.4
  2091.0   951.0   292.8     1.4     4.6
  2092.0   961.2   292.5     2.8     4.4
  2093.0   971.5   292.6    -0.4     4.3
  2094.0   983.6   292.9    -0.5     4.6
  2095.0   994.5   292.8     0.9     4.5
  2096.0  1004.8   292.8     2.8     4.3
  2097.0  1014.2   292.9     3.1     4.2
  2098.0  1026.2   293.1    -2.7     4.5
  2099.0  1037.7   293.2     0.8     4.5
  2100.0  1048.3   293.1     3.1     4.5
