  1860.0   286.2   286.7    -1.3    -0.1
  1861.0   286.8   286.8    -0.4    -0.1
  1862.0   287.0   286.7    -0.4    -0.2
  1863.0   287.6   286.8     0.0    -0.1
  1864.0   287.9   286.9    -0.9    -0.1
  1865.0   289.1   287.0    -3.4    -0.0
  1866.0   289.5   287.1     0.1     0.3
  1867.0   289.4   287.0     0.2     0.2
  1868.0   290.0   286.9    -1.6     0.1
  1869.0   290.4   287.1    -1.2     0.1
  1870.0   290.8   287.1    -0.8     0.2
  1871.0   291.3   287.1    -1.1     0.2
  1872.0   291.4   287.1    -0.1     0.3
  1873.0   291.8   287.1    -0.5     0.2
  1874.0   291.4   286.9     1.9     0.1
  1875.0   290.6   286.9     1.8     0.3
  1876.0   289.9   287.0     1.1     0.1
  1877.0   290.0   287.0    -1.6     0.1
  1878.0   291.2   287.0    -2.0     0.2
  1879.0   291.6   286.9    -0.5     0.2
  1880.0   292.0   286.8    -1.3     0.4
  1881.0   292.4   286.8    -0.2     0.2
  1882.0   292.5   286.7     0.6     0.3
  1883.0   292.4   286.6     0.4     0.3
  1884.0   292.2   286.4     1.6     0.4
  1885.0   292.1   286.4     0.4     0.5
  1886.0   291.9   286.5    -0.3     0.4
  1887.0   292.5   286.6    -2.2     0.3
  1888.0   293.5   286.8    -0.9     0.4
  1889.0   293.5   286.6     0.0     0.4
  1890.0   294.2   286.7    -3.1     0.5
  1891.0   295.1   286.7    -1.0     0.5
  1892.0   295.5   286.7    -0.7     0.5
  1893.0   296.1   286.8    -3.2     0.4
  1894.0   297.0   286.8    -0.4     0.6
  1895.0   297.0   286.8     0.6     0.3
  1896.0   296.7   286.7     1.5     0.4
  1897.0   296.4   286.8     0.9     0.3
  1898.0   296.7   286.8    -0.9     0.4
  1899.0   296.7   286.8     1.0     0.3
  1900.0   296.3   286.7     0.5     0.2
  1901.0   296.8   286.8    -1.2     0.2
  1902.0   297.7   286.8    -0.8     0.5
  1903.0   298.1   286.5    -0.3     0.5
  1904.0   298.5   286.4    -0.0     0.5
  1905.0   298.9   286.3     0.6     0.3
  1906.0   299.1   286.5     0.0     0.4
  1907.0   299.4   286.6     0.0     0.4
  1908.0   300.2   286.6    -1.5     0.5
  1909.0   301.8   286.9    -4.5     0.4
  1910.0   303.6   286.9    -2.6     0.7
  1911.0   304.1   287.0    -1.6     0.8
  1912.0   305.1   287.0    -1.9     0.9
  1913.0   305.6   286.9    -0.8     0.8
  1914.0   306.3   286.8    -1.2     0.7
  1915.0   306.9   286.8    -1.2     0.8
  1916.0   307.5   286.8    -0.8     0.7
  1917.0   307.4   286.7     2.5     0.7
  1918.0   307.0   286.7     0.9     0.6
  1919.0   307.2   286.8     0.7     0.5
  1920.0   307.4   286.8     1.2     0.7
  1921.0   307.4   287.0    -1.4     0.5
  1922.0   308.8   287.1    -3.1     0.9
  1923.0   309.6   287.1    -1.1     0.7
  1924.0   311.1   287.3    -5.2     0.9
  1925.0   312.4   287.2    -0.9     1.0
  1926.0   311.9   287.0     3.8     0.9
  1927.0   310.5   286.8     2.4     0.6
  1928.0   310.1   286.8     2.7     0.7
  1929.0   310.1   286.9    -0.7     0.5
  1930.0   311.2   286.9    -1.7     0.5
  1931.0   312.0   286.7    -0.5     0.5
  1932.0   311.9   286.7     3.4     0.6
  1933.0   311.1   286.7     1.8     0.5
  1934.0   312.1   286.9    -3.1     0.6
  1935.0   313.1   286.9    -0.5     0.8
  1936.0   313.6   286.8    -0.5     0.6
  1937.0   314.6   287.0    -1.1     0.7
  1938.0   315.9   287.1    -2.5     0.9
  1939.0   316.3   287.1    -0.0     1.0
  1940.0   316.9   287.2    -1.4     0.7
  1941.0   317.7   287.0    -0.4     0.8
  1942.0   317.6   286.9     1.8     0.8
  1943.0   317.2   286.8     2.0     0.8
  1944.0   317.5   286.8    -0.7     0.8
  1945.0   318.7   287.0    -3.0     0.9
  1946.0   320.6   287.0    -3.3     1.1
  1947.0   320.8   286.8     2.5     1.2
  1948.0   320.6   286.8     0.4     0.9
  1949.0   321.4   286.8    -1.7     0.8
  1950.0   322.2   286.7     0.2     1.0
  1951.0   322.8   286.8    -0.7     1.2
  1952.0   323.8   286.8    -0.9     1.1
  1953.0   324.4   286.8     0.8     1.1
  1954.0   324.9   286.7    -0.6     1.1
  1955.0   325.8   286.8    -1.3     1.1
  1956.0   327.0   286.8    -0.6     1.1
  1957.0   328.2   286.9    -1.5     1.1
  1958.0   329.4   287.0    -1.8     1.2
  1959.0   330.5   286.9    -0.4     1.4
  1960.0   332.0   286.9    -2.2     1.5
  1961.0   333.5   286.8    -2.7     1.6
  1962.0   335.3   286.7    -1.7     1.8
  1963.0   336.2   286.7     0.2     1.6
  1964.0   336.4   286.6     2.4     1.4
  1965.0   336.9   286.5     1.4     1.4
  1966.0   337.7   286.6    -0.9     1.4
  1967.0   339.6   286.7    -1.4     1.7
  1968.0   341.9   286.8    -3.5     1.7
  1969.0   343.7   286.8    -1.6     2.0
  1970.0   344.4   286.7     1.4     1.9
  1971.0   345.6   286.9    -0.2     1.8
  1972.0   347.6   286.8    -1.7     1.9
  1973.0   350.0   286.9    -2.2     1.8
  1974.0   351.8   286.8    -0.4     1.8
  1975.0   352.7   286.7     1.6     2.0
  1976.0   353.9   286.7     1.2     1.8
  1977.0   354.7   286.7     2.7     1.8
  1978.0   355.7   286.7     2.5     1.8
  1979.0   356.8   286.8     2.4     1.8
  1980.0   358.7   287.0     0.6     1.7
  1981.0   360.9   287.0    -1.2     1.9
  1982.0   362.3   287.0     0.8     2.0
  1983.0   363.6   287.0     1.1     2.1
  1984.0   365.8   287.2    -1.6     2.0
  1985.0   367.7   287.3    -0.5     1.9
  1986.0   369.7   287.2    -1.2     2.1
  1987.0   372.5   287.3    -1.0     2.1
  1988.0   374.5   287.3     1.1     2.2
  1989.0   375.3   287.1     2.5     2.1
  1990.0   376.5   287.4     1.0     2.0
  1991.0   379.4   287.5    -2.8     2.3
  1992.0   381.3   287.2     0.4     2.5
  1993.0   382.4   287.1     3.2     2.5
  1994.0   383.6   287.1     2.6     2.4
  1995.0   384.1   287.3     3.6     2.3
  1996.0   385.5   287.4     1.1     2.0
  1997.0   388.1   287.4    -0.7     2.5
  1998.0   389.5   287.3     2.2     2.6
  1999.0   391.3   287.3     0.5     2.4
  2000.0   392.8   287.3     3.1     2.4
  2001.0   393.7   287.4     3.2     2.2
  2002.0   395.3   287.4     1.6     2.3
  2003.0   397.7   287.5    -0.3     2.4
  2004.0   400.2   287.6     0.0     2.5
  2005.0   403.3   287.7    -1.2     2.5
  2006.0   405.9   287.7     0.8     2.5
  2007.0   408.1   287.6     1.9     2.5
  2008.0   409.6   287.4     5.4     2.5
  2009.0   411.2   287.5     3.5     2.4
  2010.0   413.4   287.5     3.3     2.5
  2011.0   416.0   287.7     1.4     2.5
  2012.0   419.4   287.9    -0.5     2.6
  2013.0   422.4   287.9     1.0     2.8
  2014.0   425.7   287.9     0.9     2.7
  2015.0   428.4   287.9     2.5     2.8
  2016.0   430.8   287.8     4.1     2.7
  2017.0   433.3   287.8     3.8     2.7
  2018.0   436.5   288.0     2.1     2.8
  2019.0   440.9   288.2    -0.5     3.0
  2020.0   445.3   288.3    -0.7     3.1
  2021.0   449.5   288.3     1.3     3.1
  2022.0   453.5   288.2     2.1     3.2
  2023.0   455.6   288.1     6.7     3.2
  2024.0   458.3   288.2     3.7     3.2
  2025.0   461.6   288.2     3.0     3.1
  2026.0   465.5   288.4     1.9     3.3
  2027.0   468.8   288.3     4.6     3.4
  2028.0   472.9   288.3     2.5     3.4
  2029.0   475.8   288.3     5.8     3.4
  2030.0   478.6   288.3     5.0     3.2
  2031.0   483.0   288.4     3.7     3.4
  2032.0   487.1   288.5     3.8     3.4
  2033.0   491.5   288.7     1.8     3.4
  2034.0   495.9   288.6     5.0     3.7
  2035.0   500.6   288.8     1.7     3.7
  2036.0   505.0   288.7     3.7     3.7
  2037.0   509.8   288.8     2.2     3.8
  2038.0   515.1   288.8     2.6     3.9
  2039.0   519.5   288.7     5.4     4.0
  2040.0   523.2   288.6     7.3     3.9
  2041.0   527.3   288.8     5.9     3.8
  2042.0   533.1   289.0     2.8     4.0
  2043.0   538.7   289.0     2.7     4.1
  2044.0   544.4   289.1     2.7     4.1
  2045.0   550.6   289.2     1.7     4.0
  2046.0   556.9   289.2     1.9     4.0
  2047.0   562.5   289.2     5.6     4.2
  2048.0   567.3   289.2     8.1     4.2
  2049.0   572.6   289.1     6.6     4.2
  2050.0   577.3   289.2     6.0     4.1
  2051.0   583.8   289.2     6.6     4.5
  2052.0   590.6   289.4     3.1     4.4
  2053.0   597.2   289.4     4.1     4.5
  2054.0   604.3   289.6     3.2     4.5
  2055.0   611.4   289.6     4.7     4.6
  2056.0   618.2   289.7     4.0     4.6
  2057.0   625.3   289.6     5.0     4.4
  2058.0   631.9   289.8     5.6     4.5
  2059.0   638.0   289.8     7.0     4.6
  2060.0   645.4   289.8     5.5     4.6
  2061.0   652.5   289.9     6.8     4.7
  2062.0   659.9   289.9     5.5     4.8
  2063.0   667.2   289.9     5.6     4.9
  2064.0   674.2   289.9     7.3     4.9
  2065.0   681.3   290.1     6.2     4.7
  2066.0   689.6   290.2     1.2     4.9
  2067.0   697.3   290.2     7.3     4.9
  2068.0   706.2   290.2     6.2     4.9
  2069.0   714.7   290.5     2.9     4.8
  2070.0   722.5   290.5     6.6     5.0
  2071.0   731.5   290.6     2.2     4.9
  2072.0   740.7   290.5     3.9     5.1
  2073.0   748.6   290.6     5.9     4.9
  2074.0   758.1   290.9     0.6     4.9
  2075.0   768.5   290.8     0.6     5.3
  2076.0   777.2   290.8     5.7     5.1
  2077.0   784.8   290.7     9.4     5.4
  2078.0   792.0   290.7     8.0     5.2
  2079.0   801.2   290.9     3.5     5.1
  2080.0   810.1   291.0     6.3     4.9
  2081.0   818.9   291.0     5.4     5.2
  2082.0   826.8   291.1     8.0     5.2
  2083.0   836.1   291.2     2.4     5.1
  2084.0   845.9   291.2     4.9     5.2
  2085.0   854.7   291.3     5.9     5.0
  2086.0   862.8   291.1     7.9     4.9
  2087.0   872.1   291.3     4.2     4.7
  2088.0   882.1   291.5     2.9     4.8
  2089.0   892.0   291.6     2.4     4.9
  2090.0   901.8   291.6     4.4     5.2
  2091.0   913.6   291.8     1.5     5.2
  2092.0   922.9   291.7     3.7     5.2
  2093.0   933.0   291.8     3.9     5.2
  2094.0   943.4   292.0     2.5     4.8
  2095.0   952.0   292.0     5.5     4.9
  2096.0   962.2   291.9     3.6     5.1
  2097.0   972.7   291.9     4.2     5.0
  2098.0   981.2   292.0     6.7     5.0
  2099.0   991.7   292.2     4.8     4.9
  2100.0   998.1   292.4     2.8     4.7
