  1850.0   282.7   285.8    -1.1    -0.2
  1851.0   282.9   285.9    -1.0     0.1
  1852.0   283.0   285.9     0.9     0.1
  1853.0   283.1   285.9    -0.0     0.0
  1854.0   283.3   285.9    -0.8     0.1
  1855.0   283.4   285.8     0.1    -0.0
  1856.0   283.6   285.7    -0.1     0.1
  1857.0   283.7   285.8    -0.7     0.1
  1858.0   283.9   285.8    -1.1     0.3
  1859.0   284.1   286.0    -0.2     0.2
  1860.0   284.2   286.0    -0.7     0.0
  1861.0   284.4   285.8     0.3     0.1
  1862.0   284.5   285.8    -0.3     0.2
  1863.0   284.6   286.0    -1.3     0.2
  1864.0   284.8   285.9    -0.7     0.1
  1865.0   284.9   286.0    -0.1     0.2
  1866.0   285.0   285.9    -1.1     0.1
  1867.0   285.1   286.0    -0.9     0.3
  1868.0   285.2   286.0     0.6     0.2
  1869.0   285.4   285.9    -0.8     0.3
  1870.0   285.5   285.9    -0.9     0.2
  1871.0   285.7   286.0    -1.0     0.2
  1872.0   285.9   286.0     0.1     0.2
  1873.0   286.2   285.9     0.5     0.2
  1874.0   286.5   285.9    -0.4     0.1
  1875.0   286.8   285.9    -1.3     0.1
  1876.0   287.1   285.9     0.9     0.1
  1877.0   287.5   286.1     0.0     0.3
  1878.0   287.9   286.0    -1.3     0.1
  1879.0   288.4   285.9    -0.7     0.4
  1880.0   288.9   285.9    -0.6     0.3
  1881.0   289.3   285.9     0.6     0.3
  1882.0   289.8   285.9    -0.0     0.2
  1883.0   290.2   286.0    -0.5     0.3
  1884.0   290.7   285.6    -1.2     0.5
  1885.0   291.0   285.7     0.2     0.6
  1886.0   291.3   285.7    -0.2     0.3
  1887.0   291.6   285.8    -1.6     0.4
  1888.0   291.8   285.8    -0.2     0.3
  1889.0   292.0   285.8     0.3     0.2
  1890.0   292.1   285.8    -0.7     0.3
  1891.0   292.3   285.8    -1.0     0.3
  1892.0   292.4   285.8     0.5     0.3
  1893.0   292.5   285.9    -1.2     0.4
  1894.0   292.6   286.1    -1.3     0.4
  1895.0   292.7   285.9     1.5     0.2
  1896.0   292.8   285.9    -1.0     0.2
  1897.0   293.0   286.0    -1.6     0.4
  1898.0   293.2   286.0     0.5     0.4
  1899.0   293.5   285.9    -0.7     0.4
  1900.0   293.8   285.9     0.2     0.3
  1901.0   294.2   285.8    -0.5     0.4
  1902.0   294.5   285.9    -0.3     0.4
  1903.0   294.9   285.8     0.4     0.6
  1904.0   295.3   285.6    -0.8     0.5
  1905.0   295.7   285.7    -0.5     0.5
  1906.0   296.1   285.7    -1.0     0.5
  1907.0   296.5   285.7    -1.0     0.4
  1908.0   296.9   285.8    -1.3     0.6
  1909.0   297.3   285.7    -0.4     0.5
  1910.0   297.7   285.8    -0.3     0.6
  1911.0   298.1   285.9    -2.2     0.6
  1912.0   298.4   285.8    -0.1     0.7
  1913.0   298.8   285.8    -0.5     0.7
  1914.0   299.1   285.9    -1.8     0.6
  1915.0   299.4   285.7     0.9     0.6
  1916.0   299.7   285.7    -0.9     0.7
  1917.0   300.1   285.7    -1.6     0.6
  1918.0   300.4   285.6     0.2     0.6
  1919.0   300.7   285.7    -0.0     0.5
  1920.0   301.0   285.9    -0.9     0.8
  1921.0   301.4   285.9    -0.5     0.6
  1922.0   301.8   286.0     0.0     0.5
  1923.0   302.1   285.9     0.1     0.6
  1924.0   302.6   285.7    -0.2     0.6
  1925.0   303.0   285.9    -1.4     0.7
  1926.0   303.4   286.0     0.4     0.6
  1927.0   303.9   286.0    -1.3     0.8
  1928.0   304.3   285.9     0.8     0.7
  1929.0   304.8   285.7     1.2     0.5
  1930.0   305.2   286.0    -1.9     0.5
  1931.0   305.7   286.0    -0.6     0.6
  1932.0   306.2   286.0    -0.6     0.6
  1933.0   306.6   285.9    -0.1     0.7
  1934.0   307.0   285.9    -2.1     0.8
  1935.0   307.3   285.9     0.8     0.8
  1936.0   307.6   286.0    -1.1     0.5
  1937.0   307.8   285.9    -0.2     0.7
  1938.0   308.0   285.9    -0.7     0.7
  1939.0   308.1   285.9    -1.1     0.9
  1940.0   308.1   286.0     0.4     0.8
  1941.0   308.1   286.2    -1.8     0.8
  1942.0   308.0   286.1     0.9     0.9
  1943.0   307.9   286.1     0.3     0.8
  1944.0   307.9   285.9    -0.3     0.7
  1945.0   307.9   286.1    -0.6     0.8
  1946.0   307.9   286.1    -0.6     0.8
  1947.0   308.0   286.2     0.0     0.8
  1948.0   308.2   286.0    -0.2     0.8
  1949.0   308.4   286.0    -1.1     0.8
  1950.0   308.7   286.2    -1.4     0.9
  1951.0   309.1   286.0    -0.2     1.1
  1952.0   309.5   285.9     0.1     0.9
  1953.0   309.9   285.9    -1.8     1.0
  1954.0   310.5   286.1    -1.2     1.1
  1955.0   311.0   286.1    -1.3     1.2
  1956.0   311.7   286.1    -1.6     1.2
  1957.0   312.3   286.1    -1.0     1.2
  1958.0   312.9   286.0    -0.8     1.3
  1959.0   313.6   286.2    -1.5     1.2
  1960.0   314.4   286.2    -1.8     1.3
  1961.0   315.2   286.1    -0.3     1.5
  1962.0   315.8   286.1     0.3     1.4
  1963.0   316.4   286.2    -1.3     1.4
  1964.0   317.0   285.9    -0.8     1.6
  1965.0   317.9   285.9     0.0     1.4
  1966.0   318.8   285.9    -1.5     1.6
  1967.0   319.8   286.0     0.1     1.5
  1968.0   321.0   285.9     0.3     1.5
  1969.0   322.1   285.8     0.1     1.4
  1970.0   323.1   285.9     0.4     1.6
  1971.0   324.2   286.0    -0.2     1.5
  1972.0   325.6   286.0    -0.2     1.5
  1973.0   326.9   286.1    -0.6     1.7
  1974.0   327.8   286.0     0.7     1.6
  1975.0   328.8   286.1    -1.2     1.8
  1976.0   330.2   286.2     0.5     1.9
  1977.0   331.7   286.2    -0.7     2.0
  1978.0   333.3   286.1    -0.9     2.0
  1979.0   335.1   286.1     0.1     2.0
  1980.0   336.6   286.1     1.2     1.9
  1981.0   337.8   286.3    -1.2     1.9
  1982.0   339.1   286.2    -0.5     2.2
  1983.0   340.6   286.1     0.3     2.2
  1984.0   342.1   286.2    -1.3     2.2
  1985.0   343.6   286.2    -1.2     2.1
  1986.0   345.3   286.2     0.2     2.3
  1987.0   347.2   286.4    -0.2     2.1
  1988.0   349.1   286.4    -1.3     2.4
  1989.0   350.7   286.4     0.0     2.3
  1990.0   351.9   286.4    -1.2     2.3
  1991.0   352.9   286.4    -0.0     2.6
  1992.0   353.8   286.1    -0.6     2.7
  1993.0   354.9   286.2    -0.1     2.6
  1994.0   356.4   286.3     0.0     2.5
  1995.0   358.1   286.4    -0.1     2.3
  1996.0   359.7   286.4    -0.2     2.4
  1997.0   361.7   286.6    -1.0     2.6
  1998.0   363.8   286.7    -0.6     2.5
  1999.0   365.5   286.6     0.2     2.6
  2000.0   367.0   286.6    -0.2     2.6
  2001.0   368.9   286.6     1.5     2.6
  2002.0   371.0   286.5     0.0     2.5
  2003.0   373.1   286.7     0.4     2.5
  2004.0   375.1   286.8    -0.1     2.6
  2005.0   376.1   286.8     0.8     2.6
  2006.0   379.1   286.9    -0.9     2.7
  2007.0   381.1   286.8     1.0     2.9
  2008.0   383.2   286.8    -0.5     3.0
  2009.0   385.4   286.7     0.9     2.9
  2010.0   387.7   286.7     0.5     3.1
  2011.0   390.1   286.8    -0.3     3.1
  2012.0   392.5   286.9    -1.6     3.3
  2013.0   394.9   286.9    -0.1     3.3
  2014.0   397.5   286.8     0.3     3.3
  2015.0   400.2   286.9    -2.1     3.4
  2016.0   402.9   286.9    -2.0     3.7
  2017.0   405.7   286.9     0.6     3.7
  2018.0   408.5   287.0    -0.4     3.7
  2019.0   411.4   286.9    -1.9     3.8
  2020.0   414.4   287.1    -1.4     3.9
  2021.0   417.4   287.2    -1.3     4.0
  2022.0   420.5   287.2    -0.8     4.2
  2023.0   423.6   287.2    -1.6     4.2
  2024.0   426.8   287.3    -1.8     4.2
  2025.0   430.1   287.2    -0.4     4.2
  2026.0   433.5   287.2    -0.9     4.3
  2027.0   436.9   287.3    -0.8     4.3
  2028.0   440.4   287.3    -2.0     4.3
  2029.0   443.9   287.3    -2.1     4.6
  2030.0   447.5   287.4    -0.6     4.5
  2031.0   451.2   287.4     0.2     4.6
  2032.0   454.9   287.6    -1.8     4.6
  2033.0   458.7   287.7    -1.9     4.7
  2034.0   462.6   287.6    -2.1     4.9
  2035.0   466.7   287.6    -0.7     4.9
  2036.0   470.8   287.6    -2.5     5.0
  2037.0   475.0   287.6    -1.7     4.9
  2038.0   479.4   287.6    -1.6     5.1
  2039.0   483.8   287.6    -1.6     5.2
  2040.0   488.3   287.8    -1.4     5.1
  2041.0   493.0   287.8    -2.2     5.3
  2042.0   497.7   287.9    -1.6     5.4
  2043.0   502.5   287.9    -1.6     5.2
  2044.0   507.4   287.9    -0.9     5.3
  2045.0   512.5   288.0    -3.2     5.3
  2046.0   517.7   288.1    -2.2     5.6
  2047.0   523.0   288.3    -1.5     5.4
  2048.0   528.4   288.1    -1.1     5.5
  2049.0   534.0   288.3    -1.5     5.6
  2050.0   539.7   288.3    -2.0     5.6
  2051.0   545.5   288.3    -1.4     5.6
  2052.0   551.4   288.4    -1.3     5.6
  2053.0   557.4   288.3    -2.6     5.9
  2054.0   563.5   288.4    -0.5     6.0
  2055.0   569.8   288.5    -1.7     5.9
  2056.0   576.1   288.5    -2.0     5.8
  2057.0   582.6   288.7    -2.8     6.0
  2058.0   589.2   288.6    -0.1     6.0
  2059.0   596.0   288.6    -0.1     5.9
  2060.0   602.9   288.7    -1.8     6.0
  2061.0   609.9   288.9    -2.5     5.9
  2062.0   617.0   289.1    -1.4     6.1
  2063.0   624.1   289.0    -0.3     6.1
  2064.0   631.3   288.8     0.8     6.1
  2065.0   638.6   288.9    -0.6     6.1
  2066.0   645.9   289.1    -2.1     6.1
  2067.0   653.4   289.3    -1.3     6.0
  2068.0   660.9   289.3    -1.3     6.2
  2069.0   668.6   289.2    -1.3     6.1
  2070.0   676.4   289.2    -0.3     6.3
  2071.0   684.2   289.0     2.6     6.0
  2072.0   692.1   289.1    -3.5     6.1
  2073.0   700.1   289.4    -2.3     6.1
  2074.0   708.1   289.5    -0.1     6.1
  2075.0   716.2   289.5    -1.4     6.4
  2076.0   724.2   289.4    -0.2     6.3
  2077.0   732.4   289.5    -1.4     6.2
  2078.0   740.6   289.7     0.0     6.1
  2079.0   748.8   289.7    -0.9     6.3
  2080.0   757.2   289.6    -1.8     6.2
  2081.0   765.6   289.6     0.8     6.0
  2082.0   774.1   289.9    -1.6     6.0
  2083.0   782.7   290.0    -2.2     6.1
  2084.0   791.2   289.9     0.4     6.3
  2085.0   799.9   289.9    -1.4     6.2
  2086.0   808.5   289.9    -1.4     6.1
  2087.0   817.2   290.0    -2.5     6.2
  2088.0   825.9   290.1     0.8     6.3
  2089.0   834.6   290.3    -2.5     6.1
  2090.0   843.4   290.4    -0.5     6.2
  2091.0   852.3   290.3    -1.8     6.2
  2092.0   861.3   290.3    -1.0     6.4
  2093.0   870.3   290.5    -1.0     6.1
  2094.0   879.3   290.4     0.4     6.2
  2095.0   888.4   290.4    -0.2     6.2
  2096.0   897.5   290.5    -2.6     6.1
  2097.0   906.6   290.6    -0.9     6.1
  2098.0   915.7   290.7    -1.5     6.1
  2099.0   924.9   290.7    -0.9     6.1
  2100.0   934.0   290.8     1.1     6.1
