  1861.0   286.4   286.4     0.4    -0.2
  1862.0   287.1   286.3     0.6    -0.2
  1863.0   285.5   286.1     3.5    -0.3
  1864.0   285.4   286.4    -3.5    -0.2
  1865.0   287.2   286.4    -2.3     0.1
  1866.0   288.9   286.5    -4.6     0.6
  1867.0   289.7   286.5     2.6     0.4
  1868.0   287.6   286.4     2.4     0.1
  1869.0   287.4   286.4    -2.3     0.1
  1870.0   289.1   286.4    -2.1     0.2
  1871.0   289.3   286.4    -0.4     0.0
  1872.0   289.5   286.5    -0.0     0.3
  1873.0   290.6   286.6    -4.1     0.5
  1874.0   292.0   286.7    -1.9     0.4
  1875.0   292.0   286.5     0.9     0.2
  1876.0   291.3   286.5     0.4     0.2
  1877.0   291.8   286.6     0.1     0.4
  1878.0   292.0   286.6    -3.4     0.5
  1879.0   292.9   286.6     1.2     0.4
  1880.0   291.7   286.5     1.4     0.0
  1881.0   291.9   286.5    -1.8     0.1
  1882.0   293.3   286.6    -3.9     0.3
  1883.0   295.2   286.7    -3.4     0.7
  1884.0   296.2   286.3    -1.8     1.2
  1885.0   296.0   286.2     0.4     0.7
  1886.0   295.4   286.4     1.8     0.4
  1887.0   294.5   286.2     2.0     0.2
  1888.0   294.1   286.3    -2.3     0.2
  1889.0   295.0   286.2     0.7     0.2
  1890.0   294.2   286.1     1.6     0.1
  1891.0   295.0   286.2    -3.7     0.2
  1892.0   295.9   286.2     1.3     0.1
  1893.0   295.7   286.5    -1.4     0.1
  1894.0   296.9   286.4    -2.6     0.3
  1895.0   298.1   286.5    -0.9     0.5
  1896.0   297.5   286.4     1.6     0.3
  1897.0   296.8   286.4     0.5     0.2
  1898.0   296.1   286.3     2.5    -0.1
  1899.0   295.7   286.5    -0.4     0.1
  1900.0   297.2   286.6    -3.3     0.4
  1901.0   299.1   286.6    -2.8     0.7
  1902.0   298.9   286.5     1.9     0.4
  1903.0   298.8   286.4    -0.8     0.6
  1904.0   299.3   286.4    -1.7     0.6
  1905.0   300.7   286.6    -3.5     0.6
  1906.0   302.2   286.6    -0.8     0.7
  1907.0   302.0   286.6    -0.8     0.4
  1908.0   302.8   286.6    -1.2     0.6
  1909.0   303.4   286.4    -0.9     0.3
  1910.0   303.4   286.6     0.1     0.4
  1911.0   304.5   286.8    -3.1     0.7
  1912.0   305.9   286.7    -2.9     0.9
  1913.0   307.0   286.5    -0.0     0.9
  1914.0   306.5   286.5    -0.8     0.6
  1915.0   307.3   286.7     0.1     0.7
  1916.0   307.9   286.7    -1.9     0.6
  1917.0   308.0   286.9    -0.4     0.6
  1918.0   308.9   286.8    -2.1     0.8
  1919.0   309.5   286.7     1.3     0.7
  1920.0   308.3   286.6     3.2     0.2
  1921.0   307.5   286.5    -0.4     0.5
  1922.0   308.6   286.7    -2.7     0.7
  1923.0   309.9   286.6    -0.2     0.7
  1924.0   309.8   286.7    -1.4     0.7
  1925.0   311.4   286.8    -4.0     1.0
  1926.0   313.3   286.8    -3.5     0.9
  1927.0   314.1   286.7     1.0     1.0
  1928.0   313.5   286.5     3.1     0.6
  1929.0   310.8   286.4     5.9     0.2
  1930.0   310.3   286.6    -1.3     0.3
  1931.0   312.2   286.7    -3.3     0.6
  1932.0   313.2   286.6    -0.2     0.7
  1933.0   313.5   286.6    -2.0     0.7
  1934.0   314.8   286.7    -1.6     0.8
  1935.0   314.4   286.5     2.9     0.6
  1936.0   314.4   286.8    -3.6     0.7
  1937.0   318.0   286.9    -6.3     1.1
  1938.0   318.2   286.7     1.5     1.0
  1939.0   318.7   286.8    -2.1     0.9
  1940.0   319.5   286.9    -0.7     0.9
  1941.0   321.1   287.0    -4.5     1.1
  1942.0   321.7   286.8     0.7     0.9
  1943.0   321.1   286.8     1.9     0.8
  1944.0   321.7   286.8    -1.0     0.8
  1945.0   321.5   286.9     0.2     0.8
  1946.0   323.3   286.9    -5.8     1.2
  1947.0   325.4   287.0    -1.4     1.3
  1948.0   325.6   286.7     1.1     1.0
  1949.0   324.7   286.8     1.1     0.9
  1950.0   324.5   286.7     0.6     0.7
  1951.0   325.1   286.7    -0.4     0.8
  1952.0   326.6   286.8    -2.3     1.1
  1953.0   328.5   286.9    -5.1     1.3
  1954.0   329.7   286.6     0.3     1.3
  1955.0   330.3   286.9    -2.1     1.4
  1956.0   332.0   286.8    -1.0     1.3
  1957.0   332.4   286.7    -3.4     1.3
  1958.0   334.9   286.7    -1.1     1.5
  1959.0   334.8   286.6     0.2     1.2
  1960.0   336.8   286.7    -3.4     1.3
  1961.0   337.2   286.5     1.9     1.3
  1962.0   337.0   286.5     2.2     1.2
  1963.0   337.4   286.5    -1.3     1.1
  1964.0   338.1   286.4     0.0     1.6
  1965.0   338.7   286.4     0.5     1.5
  1966.0   339.6   286.4     0.0     1.3
  1967.0   340.3   286.6     0.1     1.4
  1968.0   341.8   286.6    -1.3     1.5
  1969.0   342.9   286.5     0.7     1.4
  1970.0   343.6   286.6     1.0     1.3
  1971.0   344.6   286.6    -0.5     1.3
  1972.0   346.8   286.8    -2.4     1.6
  1973.0   349.0   286.8     0.3     1.6
  1974.0   348.9   286.8     3.7     1.4
  1975.0   349.1   286.6     1.8     1.3
  1976.0   350.4   286.8    -0.6     1.4
  1977.0   353.3   287.0    -3.0     1.8
  1978.0   354.4   286.8     5.1     1.4
  1979.0   352.9   286.8     5.0     1.2
  1980.0   353.4   286.8     0.7     1.2
  1981.0   355.3   286.9    -0.4     1.7
  1982.0   358.1   286.8    -1.4     2.0
  1983.0   357.8   286.6     6.6     1.7
  1984.0   357.0   286.7     1.4     1.5
  1985.0   359.4   286.8    -1.2     1.8
  1986.0   361.4   286.8     0.5     1.7
  1987.0   363.0   286.9    -0.6     1.6
  1988.0   365.8   287.0    -1.2     1.9
  1989.0   367.2   287.0     2.0     1.7
  1990.0   368.7   287.1    -2.0     1.9
  1991.0   373.2   287.3    -4.6     2.6
  1992.0   375.6   286.9     2.3     2.8
  1993.0   373.8   286.6    10.2     1.9
  1994.0   371.8   286.7     2.8     1.6
  1995.0   373.5   286.9     2.6     1.7
  1996.0   375.2   287.0    -1.9     1.9
  1997.0   379.2   287.0    -4.3     2.3
  1998.0   382.3   287.1    -1.0     2.3
  1999.0   382.8   286.9     5.0     2.0
  2000.0   383.3   287.0     2.6     1.9
  2001.0   384.6   287.1    -0.2     2.0
  2002.0   386.4   287.1     4.2     2.0
  2003.0   387.1   287.1     0.8     1.8
  2004.0   388.9   287.0     2.1     1.9
  2005.0   391.2   287.3     0.9     2.2
  2006.0   393.7   287.3    -0.7     2.3
  2007.0   397.0   287.3    -0.6     2.3
  2008.0   399.1   287.4     1.4     2.4
  2009.0   403.1   287.4     0.1     2.8
  2010.0   404.3   287.2     3.4     2.5
  2011.0   407.1   287.4    -4.0     2.6
  2012.0   412.2   287.6    -0.6     3.1
  2013.0   413.9   287.4     3.3     2.8
  2014.0   416.0   287.3     2.9     2.7
  2015.0   418.7   287.4     0.6     2.8
  2016.0   422.7   287.4    -1.2     2.9
  2017.0   426.4   287.4     1.1     3.1
  2018.0   428.4   287.3     3.7     2.9
  2019.0   432.5   287.6    -4.1     3.2
  2020.0   438.4   287.7    -0.4     3.5
  2021.0   441.2   287.7     1.8     3.5
  2022.0   443.3   287.5     6.5     3.2
  2023.0   444.9   287.5     1.9     3.1
  2024.0   448.3   287.5     2.0     3.2
  2025.0   452.1   287.6     2.7     3.3
  2026.0   455.9   287.7    -0.8     3.4
  2027.0   462.1   287.9    -5.2     3.7
  2028.0   468.3   287.9    -0.3     3.9
  2029.0   471.1   287.6     5.3     3.6
  2030.0   473.1   287.6     5.5     3.5
  2031.0   476.9   287.8    -2.3     3.7
  2032.0   483.5   287.9     1.2     3.9
  2033.0   486.0   287.7     6.0     3.7
  2034.0   488.8   287.8     4.0     3.7
  2035.0   493.2   287.9     1.6     3.8
  2036.0   497.7   287.9     3.7     3.8
  2037.0   501.6   288.1    -0.6     3.9
  2038.0   509.6   288.1    -2.2     4.4
  2039.0   512.9   288.0     6.1     4.0
  2040.0   516.7   288.2     2.5     4.0
  2041.0   524.0   288.5    -0.0     4.6
  2042.0   526.5   288.0    10.5     3.9
  2043.0   528.7   287.9     4.2     3.8
  2044.0   535.7   288.3    -3.0     4.3
  2045.0   543.6   288.2     0.6     4.4
  2046.0   549.2   288.3     0.8     4.4
  2047.0   555.5   288.3     4.4     4.3
  2048.0   561.1   288.2    -0.7     4.6
  2049.0   567.4   288.3     4.7     4.5
  2050.0   573.4   288.4     2.4     4.5
  2051.0   580.1   288.4     2.0     4.7
  2052.0   585.7   288.5     4.6     4.5
  2053.0   591.9   288.6     1.6     4.7
  2054.0   598.4   288.5     6.1     4.7
  2055.0   602.6   288.5     7.5     4.5
  2056.0   608.4   288.6    -0.5     4.6
  2057.0   617.6   288.6     3.9     4.9
  2058.0   623.1   288.6     5.5     4.7
  2059.0   630.2   288.6     2.3     4.8
  2060.0   638.2   288.7     0.2     4.8
  2061.0   647.2   288.8     2.8     5.1
  2062.0   653.7   288.7     5.6     5.0
  2063.0   658.9   288.7     5.9     4.8
  2064.0   668.5   288.9    -0.8     5.2
  2065.0   676.9   288.8     3.1     5.0
  2066.0   684.2   288.9     4.4     5.1
  2067.0   693.3   289.0    -1.9     5.2
  2068.0   701.9   288.9     5.0     5.3
  2069.0   710.8   289.0     2.6     5.1
  2070.0   716.7   289.0     9.1     5.0
  2071.0   724.9   289.1     0.5     5.2
  2072.0   734.6   289.2     2.1     5.3
  2073.0   742.3   289.2     6.1     5.3
  2074.0   749.0   289.1     4.3     5.2
  2075.0   758.3   289.3     1.0     5.4
  2076.0   766.9   289.4     6.2     5.3
  2077.0   774.9   289.4     1.2     5.3
  2078.0   784.8   289.5     0.1     5.3
  2079.0   796.3   289.5     0.9     5.6
  2080.0   803.6   289.5     5.0     5.1
  2081.0   812.9   289.7     4.6     5.4
  2082.0   820.1   289.5     7.7     5.0
  2083.0   829.1   289.6     3.7     5.2
  2084.0   836.8   289.6     4.7     5.1
  2085.0   847.3   289.7    -2.9     5.2
  2086.0   857.5   289.6     6.4     5.3
  2087.0   866.5   289.7    -2.5     5.3
  2088.0   879.4   289.9    -1.5     5.6
  2089.0   889.5   289.8     4.8     5.2
  2090.0   897.3   290.0     4.1     5.2
  2091.0   908.4   290.1    -2.2     5.5
  2092.0   920.1   290.0     0.3     5.4
  2093.0   928.9   290.0     4.7     5.3
  2094.0   937.9   290.1     4.6     5.2
  2095.0   948.5   290.2    -1.0     5.4
  2096.0   960.7   290.2    -0.2     5.5
  2097.0   969.7   290.1     3.5     5.3
  2098.0   979.2   290.1     5.8     5.4
  2099.0   986.6   290.1     4.2     5.1
  2100.0   997.3   290.3    -0.4     5.2
