  1850.0   287.8   287.0    -1.2    -0.2
  1851.0   288.2   286.9     0.0    -0.1
  1852.0   287.9   286.9     1.2    -0.1
  1853.0   287.5   286.9     0.2    -0.0
  1854.0   287.5   287.0    -0.5     0.1
  1855.0   288.1   287.1    -1.1     0.0
  1856.0   288.4   286.9    -1.0     0.2
  1857.0   288.9   287.0    -0.9     0.1
  1858.0   289.2   287.0     0.2    -0.2
  1859.0   288.7   287.0     1.4     0.1
  1860.0   288.4   287.1    -0.3     0.0
  1861.0   288.8   286.9    -1.1     0.1
  1862.0   289.3   287.1    -1.5     0.2
  1863.0   289.9   287.1    -1.2     0.3
  1864.0   290.3   287.1    -0.2     0.1
  1865.0   290.0   287.0     1.1    -0.1
  1866.0   289.8   287.1    -0.0    -0.0
  1867.0   289.9   287.0    -0.8    -0.0
  1868.0   290.0   287.0     0.1     0.3
  1869.0   290.1   287.1    -0.9     0.2
  1870.0   290.7   287.1    -1.0     0.2
  1871.0   290.8   287.0     0.6     0.2
  1872.0   290.5   287.0     0.2    -0.1
  1873.0   290.3   287.0     0.8     0.0
  1874.0   290.6   287.1    -2.1     0.1
  1875.0   291.7   287.1    -1.9     0.3
  1876.0   291.9   287.0     0.8     0.1
  1877.0   291.5   287.0     0.0     0.1
  1878.0   291.6   286.9     0.2    -0.1
  1879.0   291.5   286.9     0.8     0.3
  1880.0   291.3   287.1    -0.6     0.4
  1881.0   291.4   287.1     0.1    -0.0
  1882.0   291.0   286.8     2.0    -0.2
  1883.0   290.7   286.9     0.6    -0.1
  1884.0   289.9   286.4     3.1     0.1
  1885.0   289.3   286.6     1.0    -0.2
  1886.0   288.9   286.7     1.2    -0.1
  1887.0   288.5   286.8     0.6    -0.1
  1888.0   288.7   286.8     0.5    -0.3
  1889.0   288.3   286.8     0.9    -0.0
  1890.0   288.6   286.8    -0.6    -0.1
  1891.0   288.7   286.8     0.3    -0.1
  1892.0   289.3   286.9    -1.4     0.1
  1893.0   290.2   286.9    -1.9     0.2
  1894.0   290.4   286.7     1.0    -0.0
  1895.0   290.2   286.7     0.8    -0.1
  1896.0   289.9   286.8     0.2     0.2
  1897.0   290.3   287.0    -0.3     0.2
  1898.0   290.5   286.9    -0.5     0.2
  1899.0   290.8   287.0    -0.9     0.3
  1900.0   291.3   287.0    -0.3     0.1
  1901.0   291.3   287.0     0.7     0.0
  1902.0   290.9   286.9     1.8    -0.1
  1903.0   290.2   286.6     2.6     0.1
  1904.0   290.0   286.6    -0.0    -0.3
  1905.0   290.4   286.7     0.5     0.0
  1906.0   290.4   286.9    -0.4     0.1
  1907.0   291.7   287.0    -3.0     0.1
  1908.0   292.7   286.9     0.5     0.2
  1909.0   292.7   286.9    -0.0     0.4
  1910.0   293.3   287.0    -0.8     0.1
  1911.0   293.5   287.0     0.3     0.1
  1912.0   293.4   287.0     1.4     0.2
  1913.0   293.2   287.0     0.4     0.2
  1914.0   293.8   287.1    -0.7     0.3
  1915.0   294.2   287.1    -0.1     0.1
  1916.0   294.4   287.1     1.1     0.1
  1917.0   294.4   287.1    -0.1     0.1
  1918.0   294.6   287.0     0.9     0.2
  1919.0   294.3   287.1     0.5     0.2
  1920.0   294.8   287.1    -0.0     0.1
  1921.0   294.8   287.0     1.2     0.1
  1922.0   295.1   287.0    -1.0     0.1
  1923.0   295.3   287.0     0.8     0.1
  1924.0   295.4   286.9     1.6     0.3
  1925.0   295.4   286.9    -0.3     0.4
  1926.0   296.2   287.0    -1.2    -0.0
  1927.0   296.9   286.9     0.8     0.2
  1928.0   296.3   286.9     2.1     0.3
  1929.0   296.3   287.1    -0.4     0.3
  1930.0   296.7   287.2    -0.9     0.5
  1931.0   298.1   287.3    -2.7     0.3
  1932.0   299.0   287.1     0.2     0.5
  1933.0   299.2   287.2    -0.4     0.3
  1934.0   299.4   287.1     0.2     0.2
  1935.0   299.5   287.0     1.2     0.3
  1936.0   299.3   287.1     0.3     0.5
  1937.0   300.0   287.2    -1.2     0.3
  1938.0   300.2   287.1     1.5     0.3
  1939.0   299.7   287.1     2.1     0.3
  1940.0   299.6   287.1    -0.0     0.3
  1941.0   300.5   287.0    -0.3     0.2
  1942.0   300.8   287.1     0.5     0.4
  1943.0   301.1   287.1    -0.3     0.4
  1944.0   301.6   287.1     0.6     0.4
  1945.0   301.4   287.0     1.0     0.5
  1946.0   301.6   287.0     0.7     0.3
  1947.0   301.9   287.1    -0.2     0.6
  1948.0   302.4   287.2    -0.0     0.4
  1949.0   302.5   287.1     1.4     0.4
  1950.0   302.7   287.1     0.1     0.4
  1951.0   303.4   287.2    -0.8     0.5
  1952.0   304.2   287.1     0.6     0.4
  1953.0   304.3   287.1     1.4     0.5
  1954.0   304.9   287.0    -0.3     0.5
  1955.0   305.5   287.3    -1.3     0.7
  1956.0   306.9   287.2    -1.2     0.5
  1957.0   307.6   287.0     1.7     0.7
  1958.0   308.1   287.0    -0.7     0.7
  1959.0   309.2   287.1    -0.1     0.8
  1960.0   309.9   287.2     0.5     0.5
  1961.0   310.6   287.0     1.1     0.6
  1962.0   310.8   287.1     0.7     1.0
  1963.0   311.4   287.2     0.1     0.9
  1964.0   312.3   287.0     1.0     0.8
  1965.0   312.6   286.8     2.3     0.9
  1966.0   312.9   286.9     1.4     0.6
  1967.0   313.7   287.0     0.6     0.8
  1968.0   314.6   287.0    -0.2     0.9
  1969.0   316.2   287.0     0.8     0.9
  1970.0   316.9   287.0     1.3     0.9
  1971.0   317.8   287.0     0.9     1.0
  1972.0   319.2   287.2    -0.0     1.2
  1973.0   320.8   287.2     0.8     1.1
  1974.0   321.6   287.2     2.0     1.4
  1975.0   322.5   287.1     1.3     0.9
  1976.0   323.2   287.1     2.3     1.2
  1977.0   324.5   287.2    -0.6     1.3
  1978.0   326.4   287.1     1.0     1.3
  1979.0   327.9   287.2     1.1     1.2
  1980.0   329.0   287.1     2.4     1.3
  1981.0   329.8   287.2     1.0     1.3
  1982.0   330.9   287.1     2.6     1.3
  1983.0   331.1   287.0     2.7     1.2
  1984.0   332.0   287.1     2.2     1.3
  1985.0   332.8   287.2     2.0     1.2
  1986.0   333.9   287.2     2.4     1.4
  1987.0   335.0   287.2     1.8     1.5
  1988.0   336.2   287.1     2.3     1.3
  1989.0   337.7   287.3     0.8     1.3
  1990.0   339.1   287.3     2.5     1.6
  1991.0   340.3   287.3     2.5     1.5
  1992.0   340.6   286.9     5.1     1.5
  1993.0   340.5   287.1     3.4     1.3
  1994.0   342.0   287.2     1.6     1.3
  1995.0   343.5   287.2     2.1     1.5
  1996.0   344.9   287.3     1.4     1.7
  1997.0   346.4   287.3     2.8     1.6
  1998.0   347.6   287.3     1.9     1.5
  1999.0   348.9   287.3     2.4     1.7
  2000.0   350.6   287.3     1.1     1.7
  2001.0   352.7   287.3     0.9     1.8
  2002.0   354.6   287.2     1.7     1.7
  2003.0   355.6   287.2     4.1     1.7
  2004.0   356.8   287.4     2.7     1.8
  2005.0   358.4   287.4     2.7     1.8
  2006.0   359.8   287.3     4.5     1.6
  2007.0   360.6   287.3     3.9     1.7
  2008.0   362.4   287.3     3.6     1.7
  2009.0   364.1   287.3     3.5     1.8
  2010.0   366.0   287.4     1.9     2.1
  2011.0   368.2   287.4     2.8     2.1
  2012.0   370.1   287.4     4.4     1.8
  2013.0   371.3   287.3     6.5     2.0
  2014.0   372.2   287.4     4.4     2.0
  2015.0   373.9   287.5     3.5     2.0
  2016.0   376.4   287.6     3.5     2.1
  2017.0   379.3   287.7     2.5     2.4
  2018.0   382.1   287.6     4.1     2.1
  2019.0   383.6   287.7     6.4     2.4
  2020.0   385.6   287.8     3.9     2.3
  2021.0   387.7   287.6     6.3     2.1
  2022.0   389.2   287.7     5.3     2.7
  2023.0   392.7   287.9     1.0     2.6
  2024.0   396.2   287.6     4.7     2.0
  2025.0   398.3   287.6     7.0     2.3
  2026.0   400.4   287.7     4.3     2.9
  2027.0   403.8   287.9     2.0     2.8
  2028.0   407.1   288.1     4.9     2.8
  2029.0   409.6   288.0     6.2     2.6
  2030.0   411.9   288.0     5.5     2.8
  2031.0   415.0   288.1     4.5     2.9
  2032.0   418.2   288.0     6.8     2.5
  2033.0   420.5   287.9     7.6     2.7
  2034.0   422.8   287.9     7.3     2.6
  2035.0   425.3   288.0     6.2     2.8
  2036.0   428.1   288.1     6.7     3.0
  2037.0   431.4   288.2     5.9     3.1
  2038.0   435.4   288.2     5.1     3.1
  2039.0   439.3   288.2     4.7     3.2
  2040.0   443.0   288.4     5.4     3.4
  2041.0   447.0   288.2     7.0     3.0
  2042.0   449.8   288.2     8.2     3.1
  2043.0   453.0   288.3     7.3     3.3
  2044.0   456.9   288.3     6.7     3.2
  2045.0   461.0   288.5     5.2     3.5
  2046.0   466.0   288.5     7.0     3.3
  2047.0   469.8   288.5     7.0     3.4
  2048.0   474.7   288.5     6.0     3.4
  2049.0   479.0   288.4     8.0     3.5
  2050.0   482.3   288.4    10.4     3.5
  2051.0   486.2   288.6     6.3     3.8
  2052.0   491.7   288.6     6.4     3.6
  2053.0   496.4   288.5     8.6     3.7
  2054.0   500.7   288.7     7.9     3.8
  2055.0   505.1   288.7     9.7     3.9
  2056.0   509.4   288.6     9.8     3.8
  2057.0   514.0   288.8     8.0     3.8
  2058.0   519.1   288.8     8.3     3.8
  2059.0   524.3   288.9     8.3     4.1
  2060.0   530.2   289.0     6.0     4.1
  2061.0   536.0   289.0     8.7     4.1
  2062.0   541.3   289.0     9.2     4.3
  2063.0   546.9   289.1     8.3     4.1
  2064.0   552.4   289.1     8.7     4.1
  2065.0   558.0   289.1     8.7     4.2
  2066.0   563.8   289.1     8.6     4.4
  2067.0   570.0   289.3     7.5     4.3
  2068.0   576.5   289.3     7.6     4.2
  2069.0   582.9   289.1    10.0     4.3
  2070.0   588.1   289.3    10.2     4.3
  2071.0   593.9   289.3     9.9     4.2
  2072.0   598.9   289.4    11.0     4.5
  2073.0   605.4   289.5     7.6     4.4
  2074.0   611.3   289.5    11.1     4.2
  2075.0   616.9   289.6     9.7     4.5
  2076.0   623.7   289.7     6.5     4.6
  2077.0   631.1   289.6     8.0     4.4
  2078.0   637.8   289.7     8.2     4.7
  2079.0   644.4   289.7     9.6     4.6
  2080.0   651.1   289.8     8.8     4.5
  2081.0   657.4   289.8    11.5     4.5
  2082.0   662.9   290.0     9.8     4.5
  2083.0   669.8   290.0     7.4     4.6
  2084.0   677.9   289.9     6.3     4.4
  2085.0   685.1   289.9     9.2     4.5
  2086.0   692.5   290.0     7.1     4.6
  2087.0   699.6   290.1     9.4     4.7
  2088.0   706.5   290.2     7.7     4.8
  2089.0   714.1   290.2     7.0     4.8
  2090.0   722.2   290.2     8.0     4.4
  2091.0   729.2   290.1     9.8     4.6
  2092.0   735.8   290.2    10.3     4.6
  2093.0   742.8   290.2     7.4     4.5
  2094.0   750.6   290.2     8.2     4.5
  2095.0   757.6   290.1    12.2     4.3
  2096.0   763.8   290.3     8.5     4.6
  2097.0   771.8   290.4     7.9     4.4
  2098.0   778.9   290.4     9.5     4.4
  2099.0   786.6   290.4     8.8     4.5
  2100.0   794.3   290.4     7.6     4.5
