  1850.0   287.7   286.6    -1.0    -0.1
  1851.0   287.9   286.6     0.2    -0.0
  1852.0   288.3   286.8     1.2     0.0
  1853.0   289.2   286.7    -0.8     0.2
  1854.0   289.2   286.7    -1.9     0.3
  1855.0   288.9   286.6    -3.0     0.2
  1856.0   289.3   286.6     0.9     0.2
  1857.0   289.8   286.6    -0.0     0.5
  1858.0   290.0   286.7    -0.0     0.4
  1859.0   290.3   286.5     1.2     0.3
  1860.0   289.6   286.5    -1.5     0.1
  1861.0   288.9   286.5    -1.5    -0.4
  1862.0   288.6   286.7    -0.1    -0.5
  1863.0   289.4   286.7     2.2     0.0
  1864.0   290.1   286.7     1.5     0.2
  1865.0   290.4   286.7    -3.2     0.2
  1866.0   290.9   286.8    -1.3     0.1
  1867.0   291.0   286.7     0.1     0.1
  1868.0   290.6   286.7     1.6     0.2
  1869.0   290.3   286.8     0.7     0.3
  1870.0   291.2   286.8    -1.4     0.0
  1871.0   292.3   286.7    -1.2     0.4
  1872.0   292.9   286.7    -0.7     0.3
  1873.0   292.9   286.6     1.0     0.2
  1874.0   292.5   286.6    -0.1     0.0
  1875.0   292.0   286.7    -1.0     0.1
  1876.0   292.0   286.9    -0.4     0.2
  1877.0   293.4   287.1     0.0     0.4
  1878.0   294.4   286.6    -0.5     0.7
  1879.0   293.6   286.4    -1.9     0.2
  1880.0   292.4   286.4    -0.8     0.2
  1881.0   292.4   286.8     0.5     0.1
  1882.0   293.4   286.9    -0.1     0.2
  1883.0   294.8   286.7    -1.4     0.6
  1884.0   294.7   286.3     0.8     0.3
  1885.0   292.7   286.2     0.3     0.2
  1886.0   291.5   286.4    -1.1    -0.3
  1887.0   291.7   286.6     0.2     0.1
  1888.0   292.5   286.6     0.5     0.3
  1889.0   292.8   286.6    -0.8     0.5
  1890.0   293.2   286.7    -0.7     0.3
  1891.0   293.7   286.7    -0.5     0.5
  1892.0   294.7   286.6    -0.9     0.1
  1893.0   295.2   286.6    -0.1    -0.0
  1894.0   295.3   286.5     0.7     0.2
  1895.0   295.0   286.4     1.4     0.0
  1896.0   294.8   286.6    -0.6     0.0
  1897.0   295.4   286.6     0.2     0.5
  1898.0   295.4   286.5     0.6     0.0
  1899.0   295.6   286.5    -0.9     0.2
  1900.0   295.6   286.6     1.6     0.2
  1901.0   295.8   286.7    -1.0     0.1
  1902.0   296.1   286.7    -1.6     0.4
  1903.0   295.9   286.6    -1.2     0.5
  1904.0   297.1   286.8    -1.8     0.5
  1905.0   299.2   286.7     1.6     0.5
  1906.0   299.9   286.7    -0.5     0.6
  1907.0   300.1   286.7     0.1     0.4
  1908.0   300.1   286.6    -1.5     0.5
  1909.0   299.7   286.6    -0.7     0.5
  1910.0   299.3   286.5    -1.5     0.4
  1911.0   299.4   286.6     0.7     0.2
  1912.0   299.3   286.4     0.4     0.4
  1913.0   298.6   286.4    -0.4     0.1
  1914.0   298.1   286.5     0.5     0.1
  1915.0   299.7   286.9     1.0     0.3
  1916.0   300.9   286.7     0.7     0.5
  1917.0   301.0   286.7    -1.0     0.6
  1918.0   301.8   286.9    -1.9     0.3
  1919.0   302.5   286.8     0.3     0.6
  1920.0   302.8   286.9     0.2     0.5
  1921.0   303.6   286.8    -3.7     0.5
  1922.0   303.0   286.6    -4.1     0.5
  1923.0   302.5   286.8    -2.8     0.5
  1924.0   303.2   286.9     1.8     0.4
  1925.0   304.5   286.9     1.6     0.7
  1926.0   304.6   286.8    -0.1     0.6
  1927.0   304.9   286.7    -0.8     0.7
  1928.0   304.9   286.6    -0.7     0.4
  1929.0   305.1   286.5    -1.1     0.5
  1930.0   304.7   286.7     0.9     0.6
  1931.0   304.7   286.7    -0.1     0.4
  1932.0   305.1   286.6    -1.4     0.5
  1933.0   305.5   286.7     0.2     0.7
  1934.0   305.6   286.8    -0.2     0.4
  1935.0   306.6   286.9    -1.8     0.7
  1936.0   307.3   286.8    -1.7     0.8
  1937.0   307.3   286.8    -0.4     0.6
  1938.0   308.0   286.8    -1.9     0.7
  1939.0   308.8   286.8     0.0     0.6
  1940.0   309.2   286.7     0.2     0.9
  1941.0   309.5   286.7    -2.1     0.8
  1942.0   310.5   286.9    -1.5     0.6
  1943.0   311.0   286.8    -0.8     0.6
  1944.0   311.3   287.0    -0.8     0.8
  1945.0   313.0   287.2     1.2     0.8
  1946.0   314.6   286.9     0.5     1.0
  1947.0   314.2   286.8     0.4     0.8
  1948.0   314.6   286.9     1.8     1.2
  1949.0   314.7   286.9    -1.1     1.0
  1950.0   315.3   286.8    -1.1     0.7
  1951.0   315.2   286.8    -0.9     0.8
  1952.0   315.4   286.9     1.2     0.8
  1953.0   316.8   287.0    -3.1     0.9
  1954.0   317.8   286.8    -1.9     0.9
  1955.0   318.5   286.8    -0.8     0.8
  1956.0   319.4   287.0    -2.3     0.8
  1957.0   321.6   287.0     1.0     1.1
  1958.0   322.7   287.0     0.1     1.1
  1959.0   323.6   287.0    -2.4     1.2
  1960.0   324.6   287.1    -1.4     1.3
  1961.0   324.8   287.1    -1.1     1.2
  1962.0   326.2   287.3     0.2     1.1
  1963.0   327.8   286.9     1.1     1.4
  1964.0   327.4   286.7     0.6     1.4
  1965.0   327.2   286.7    -0.6     1.1
  1966.0   327.4   286.8     0.1     1.1
  1967.0   327.5   287.0     1.4     1.2
  1968.0   328.3   287.0     3.5     1.0
  1969.0   329.6   287.1     1.4     1.1
  1970.0   331.4   287.2    -1.4     1.6
  1971.0   333.8   287.1     0.6     1.5
  1972.0   335.2   287.1     1.7     1.5
  1973.0   336.1   287.3    -0.8     1.4
  1974.0   337.2   287.2    -0.1     1.5
  1975.0   337.6   287.0     0.2     1.4
  1976.0   338.2   287.0     2.5     1.5
  1977.0   338.7   287.2     1.0     1.3
  1978.0   340.7   287.2     2.9     1.1
  1979.0   342.0   287.1     1.0     1.3
  1980.0   343.2   287.2     0.6     1.6
  1981.0   345.1   287.2     0.2     1.5
  1982.0   346.3   287.0     1.0     1.7
  1983.0   347.2   286.9     0.2     1.9
  1984.0   347.6   287.0    -0.6     1.5
  1985.0   349.0   287.2     1.7     1.4
  1986.0   351.7   287.1     1.3     1.6
  1987.0   353.1   287.2     1.9     1.8
  1988.0   354.2   287.3     0.7     1.9
  1989.0   356.1   287.4     0.9     2.1
  1990.0   358.1   287.5     1.4     1.8
  1991.0   359.4   287.3     0.8     2.0
  1992.0   359.8   287.2    -1.1     1.9
  1993.0   360.9   287.4     0.4     2.0
  1994.0   363.0   287.4     0.2     2.2
  1995.0   364.5   287.3     2.3     2.0
  1996.0   365.3   287.4     3.0     1.8
  1997.0   366.6   287.3     2.5     1.7
  1998.0   367.5   287.4     3.4     1.9
  1999.0   369.1   287.6     1.9     1.6
  2000.0   370.7   287.6     1.5     1.9
  2001.0   372.0   287.8     2.7     1.8
  2002.0   373.6   287.5     0.6     2.0
  2003.0   374.8   287.6     0.1     2.0
  2004.0   376.2   287.6    -1.2     2.1
  2005.0   377.3   287.7     1.8     2.2
  2006.0   380.2   287.6     5.1     2.0
  2007.0   381.1   287.6     3.7     2.0
  2008.0   381.7   287.7     4.5     2.0
  2009.0   383.6   288.0     0.6     2.1
  2010.0   387.3   288.1    -2.0     2.3
  2011.0   391.8   288.2    -2.3     2.4
  2012.0   394.4   288.0     4.5     2.9
  2013.0   396.0   287.9     2.7     2.5
  2014.0   397.8   287.9     1.9     2.6
  2015.0   400.6   288.0     2.5     2.7
  2016.0   402.7   288.0     2.5     2.8
  2017.0   405.4   288.1     2.2     2.7
  2018.0   408.5   288.1     1.1     2.7
  2019.0   411.4   288.0     3.5     3.1
  2020.0   413.3   288.1     3.6     2.9
  2021.0   416.1   288.0     3.0     3.0
  2022.0   419.0   288.1     3.0     2.9
  2023.0   421.6   288.1     4.1     3.1
  2024.0   424.9   288.3     0.6     3.0
  2025.0   429.0   288.3     1.2     3.0
  2026.0   433.0   288.3     1.3     3.4
  2027.0   436.6   288.1     3.5     3.3
  2028.0   439.0   288.3     4.3     3.3
  2029.0   442.9   288.4     0.9     3.1
  2030.0   447.4   288.4     0.4     3.4
  2031.0   451.2   288.2     5.6     3.8
  2032.0   453.6   288.3     3.9     3.1
  2033.0   457.5   288.4     1.6     3.5
  2034.0   461.6   288.5     4.7     3.6
  2035.0   464.9   288.3     4.2     3.7
  2036.0   468.7   288.3     3.2     3.7
  2037.0   472.6   288.5     3.9     3.7
  2038.0   476.4   288.5     4.1     3.7
  2039.0   480.7   288.6     3.8     3.8
  2040.0   485.1   288.7     2.6     4.0
  2041.0   489.9   288.9     1.7     3.9
  2042.0   496.3   289.1     0.4     4.2
  2043.0   501.6   288.9     4.6     4.3
  2044.0   505.5   288.8     4.3     4.0
  2045.0   510.9   288.9     1.9     4.4
  2046.0   516.2   288.7     3.9     4.3
  2047.0   521.3   288.9     4.2     4.4
  2048.0   526.2   289.0     4.0     4.0
  2049.0   531.5   289.2     4.3     4.2
  2050.0   537.5   289.2     2.6     4.4
  2051.0   544.1   289.2     1.7     4.6
  2052.0   550.6   289.2     4.4     4.6
  2053.0   556.1   289.1     4.5     4.5
  2054.0   561.5   289.1     5.3     4.7
  2055.0   568.0   289.5     0.9     4.6
  2056.0   577.2   289.5    -1.3     5.1
  2057.0   584.3   289.4     3.9     5.2
  2058.0   590.6   289.4     4.7     5.1
  2059.0   596.6   289.4     4.9     5.1
  2060.0   603.0   289.6     3.7     4.8
  2061.0   611.1   289.7     0.1     5.1
  2062.0   619.7   289.6     2.5     5.1
  2063.0   627.3   290.0     2.6     5.0
  2064.0   635.9   290.1    -0.8     5.3
  2065.0   645.6   289.9     0.1     5.4
  2066.0   653.3   289.9     4.7     5.6
  2067.0   660.7   290.0     2.7     5.4
  2068.0   668.7   289.9     3.5     5.5
  2069.0   676.1   290.1     4.4     5.0
  2070.0   684.1   290.2     3.9     5.4
  2071.0   692.3   290.2     3.2     5.3
  2072.0   701.0   290.3     1.2     5.6
  2073.0   709.8   290.3     3.2     5.5
  2074.0   717.8   290.1     4.8     5.6
  2075.0   725.4   290.4     2.9     5.6
  2076.0   735.2   290.7    -1.2     5.4
  2077.0   745.9   290.5     0.5     5.7
  2078.0   754.4   290.2     5.6     5.5
  2079.0   762.1   290.3     4.7     5.7
  2080.0   770.7   290.6     1.7     5.5
  2081.0   780.6   291.0    -0.8     5.5
  2082.0   791.4   290.8     0.3     5.9
  2083.0   800.5   290.8     3.6     5.6
  2084.0   809.7   291.0     0.6     5.6
  2085.0   820.3   291.2    -0.0     5.7
  2086.0   830.6   291.0     1.4     5.6
  2087.0   839.6   290.9     4.3     5.7
  2088.0   848.8   290.8     2.6     5.5
  2089.0   858.1   291.0     1.7     5.3
  2090.0   869.2   291.1    -1.1     5.9
  2091.0   879.0   291.0     3.3     5.6
  2092.0   888.2   291.3     1.7     5.7
  2093.0   897.7   291.2     4.3     5.6
  2094.0   906.7   291.1     2.0     5.8
  2095.0   917.6   291.4    -2.0     5.5
  2096.0   928.8   291.4     0.5     5.5
  2097.0   938.4   291.3     4.1     5.7
  2098.0   947.5   291.4     2.0     5.7
  2099.0   958.1   291.7    -0.2     5.6
  2100.0   968.8   291.7     1.2     5.4
